-273057,0 -534749,0 -430275,61 46221,46098000258
-273057,0 -508202,0 -399432,936 39676,68061514096
-273057,0 -532472,0 -376026,028 35900,503510051436
-267372,0 -428449,0 -355276,49 27132,422980742063
-211837,0 -419416,0 -341867,464 26638,924310728158
-211837,0 -412298,0 -329716,352 26203,84729073378
-211150,0 -408734,0 -319108,982 27814,105194121854
-207617,0 -389283,0 -305136,954 27900,754246075212
-207617,0 -371982,0 -291344,764 28151,199025766276
-186789,0 -389865,0 -277273,474 28668,98485404261
-166884,0 -353983,0 -261644,62 28684,888031498394
-166884,0 -330742,0 -246863,02 23326,375220157974
-159142,0 -314129,0 -236522,154 22931,02955251431
-155642,0 -312198,0 -229068,874 24651,511108614082
-155642,0 -292000,0 -219558,63 23569,754735107006
-155642,0 -307358,0 -210512,052 23590,8133614188
-139466,0 -260081,0 -197118,82 21269,11319071861
-132142,0 -247728,0 -188901,35 19871,395610361636
-132142,0 -228963,0 -182477,42 17350,447260621266
-124168,0 -227616,0 -177264,854 18627,511682688164
-124168,0 -237984,0 -169197,232 18094,57372988311
-122562,0 -220240,0 -164318,876 18349,552713911686
-122340,0 -213993,0 -161030,98 18119,91516678817
-119747,0 -226020,0 -156458,3 17177,099557783324
-115165,0 -201473,0 -150808,528 15684,914789096429
-112302,0 -197422,0 -147431,026 15947,381434245688
-112302,0 -192672,0 -144307,548 15347,009145748763
-107394,0 -190288,0 -141650,736 15865,489215977674
-105889,0 -186125,0 -137918,746 14767,494912187503
-105889,0 -193964,0 -135831,464 15077,554219590927
-103771,0 -179556,0 -133793,23 14521,576771587173
-102774,0 -185116,0 -131592,286 14123,993354013013
-96041,0 -178087,0 -129735,892 14234,49911659472
-96041,0 -187686,0 -128630,342 14402,171472421644
-96041,0 -178909,0 -126860,712 15301,247394544533
-94633,0 -177516,0 -123881,71 14614,689960922882
-93431,0 -169840,0 -122755,482 14713,476847219898
-87602,0 -169577,0 -122102,404 14767,46315630359
-87602,0 -173559,0 -119766,136 14430,653876020448
-87602,0 -161827,0 -117444,834 13013,752556063293
-78236,0 -167016,0 -117355,118 14613,581833078291
-78236,0 -163964,0 -115024,486 14222,7662047087
-78236,0 -174059,0 -113282,39 14973,496673319161
-78236,0 -161009,0 -109898,174 14547,344375236466
-78236,0 -157631,0 -108430,852 14427,625169725477
-72610,0 -158966,0 -106358,886 14175,689798136951
-72610,0 -151745,0 -104271,92 14224,046592359009
-70499,0 -165486,0 -102781,346 14867,669252787538
-69817,0 -150776,0 -100997,662 15075,662078189329
-69093,0 -146842,0 -99590,834 15954,642466894833
-69093,0 -144615,0 -95330,25 14569,974494538417
-65074,0 -145538,0 -93624,446 14216,275140102061
-59941,0 -137841,0 -91574,678 14260,508578108842
-58156,0 -152616,0 -89086,768 14243,436736061141
-58156,0 -130162,0 -87395,946 14170,620285332745
-58156,0 -140463,0 -85203,626 14455,69700049513
-51114,0 -127038,0 -82780,704 14060,260380390686
-51114,0 -141075,0 -80299,39 13524,687574576357
-49898,0 -129842,0 -79216,942 13789,21198845807
-49898,0 -144847,0 -78019,028 14224,694145577125
-47804,0 -118491,0 -77727,684 14174,547118978595
-47602,0 -121732,0 -75432,354 14646,808328529607
-45538,0 -124973,0 -73792,22 13600,984768008524
-45538,0 -124738,0 -72766,394 13781,544446351578
-45538,0 -122034,0 -72674,878 14704,088672580705
-45538,0 -126399,0 -69697,978 13490,451077318205
-42693,0 -111990,0 -68444,7 14027,888029279375
-42693,0 -114132,0 -66342,516 12793,837590564608
-42000,0 -105545,0 -65748,534 13106,242221203
-41993,0 -120298,0 -64169,708 13070,57915881068
-39884,0 -106079,0 -63226,798 12828,536076933951
-39202,0 -105888,0 -62434,72 13028,82121872888
-37071,0 -115655,0 -61862,774 13697,353316861028
-32853,0 -108178,0 -59998,876 13334,587434811172
-32853,0 -113445,0 -58187,51 12707,789221335861
-32853,0 -99036,0 -57494,172 12664,906347005335
-32853,0 -98525,0 -57331,464 13044,593548006935
-32853,0 -98951,0 -56226,924 13241,496780584286
-32851,0 -109694,0 -56282,232 14101,79377860051
-31457,0 -112976,0 -55892,38 14251,12633371833
-31457,0 -110790,0 -53930,362 13860,895890344025
-30758,0 -92174,0 -52517,712 12701,364593659058
-30031,0 -96911,0 -52763,67 14051,794334998653
-28634,0 -94929,0 -50926,576 12663,490235642937
-28634,0 -98320,0 -50432,17 13525,14467786205
-28610,0 -96022,0 -49702,536 12465,203164357325
-27924,0 -98234,0 -49817,722 13439,645038940427
-27922,0 -96244,0 -48878,516 13519,950192576303
-27922,0 -91662,0 -48170,63 12791,874082131206
-27216,0 -87975,0 -47268,326 12384,860965700185
-24417,0 -103577,0 -47681,978 13582,715562416672
-24402,0 -89868,0 -45978,966 13328,656655073839
-24402,0 -88230,0 -45142,688 13260,581068816562
-24402,0 -89329,0 -44742,1 12966,105746059626
-21591,0 -96374,0 -45064,642 13510,160621318902
-21591,0 -90821,0 -43903,296 12412,272261612052
-21591,0 -92669,0 -44785,858 14084,581948564753
-21591,0 -88141,0 -42383,04 13247,069381051795
-21591,0 -99862,0 -42021,234 13097,424797999189
-20869,0 -74967,0 -41816,57 11833,1543242324
-20869,0 -80722,0 -42336,554 12893,801975487448
-20869,0 -86090,0 -41283,412 12966,89975939724
-20869,0 -88389,0 -40829,57 12160,69766457089
-20869,0 -89896,0 -41347,974 12998,17517120477
-19491,0 -87960,0 -40044,404 12940,342740004377
-19491,0 -86696,0 -39355,868 13311,778597264009
-18792,0 -80394,0 -40331,224 13469,500671287855
-18792,0 -86449,0 -39666,666 13456,808712857737
-18792,0 -82847,0 -39522,812 12859,1376804456
-18792,0 -94474,0 -39197,778 13328,749652113505
-18792,0 -81495,0 -38327,102 12734,05077324556
-18792,0 -87977,0 -38781,846 13089,747373967302
-18093,0 -91316,0 -38181,958 13269,398673347476
-13812,0 -82266,0 -37111,826 12631,883487102143
-13812,0 -78523,0 -37152,628 13165,735499759065
-13090,0 -84256,0 -36202,16 13314,911902464844
-13090,0 -85467,0 -35626,974 12953,491927249728
-13090,0 -93920,0 -36779,918 14389,385293586238
-13090,0 -88022,0 -36320,558 14040,325988901965
-13090,0 -91377,0 -35068,848 12747,067001506506
-13090,0 -79966,0 -34666,198 13191,679693761364
-12383,0 -81931,0 -34867,91 13648,556174845024
-12383,0 -78150,0 -31975,932 11615,803969393424
-12383,0 -76117,0 -32396,088 12226,983353397363
-12383,0 -78314,0 -33593,514 13118,749631035882
-12383,0 -78098,0 -33396,248 13651,31989158909
-12383,0 -78065,0 -32375,816 12827,232585017857
-12368,0 -86381,0 -32630,344 13649,84905534358
-12368,0 -84300,0 -31948,744 13237,270972918248
-12368,0 -79182,0 -30935,626 12727,536049452932
-10255,0 -73235,0 -31025,828 12848,680847247157
-10255,0 -81946,0 -30691,362 12673,229737006899
-10255,0 -75609,0 -30833,844 13457,211163672213
-10246,0 -74313,0 -30158,026 13666,470804905122
-10246,0 -85703,0 -30006,614 13606,257767990588
-10246,0 -76017,0 -28544,188 12582,450894188143
-9565,0 -68158,0 -28580,002 12727,979797359678
-9565,0 -76517,0 -28829,606 12900,417220957
-9565,0 -73783,0 -28797,31 12880,766402893112
-9565,0 -78682,0 -28780,948 13117,76013720696
-9565,0 -76521,0 -28566,34 13787,788046108048
-9565,0 -86612,0 -27471,508 13000,12610392437
-9565,0 -84653,0 -28508,242 13555,183289038781
-9565,0 -79107,0 -26292,352 12097,567551871578
-9565,0 -72298,0 -27609,054 13128,945665630732
-8162,0 -80483,0 -27457,18 13027,933811452986
-8162,0 -77358,0 -27209,064 12441,844623684376
-8162,0 -82595,0 -28564,03 13392,994072764317
-8162,0 -81397,0 -28442,082 13260,599407540973
-8162,0 -81944,0 -28040,13 12987,103683004145
-8162,0 -77492,0 -28443,2 13146,24564657148
-8153,0 -92084,0 -28327,346 13466,324865318085
-8153,0 -69167,0 -28803,102 13189,83907466638
-8153,0 -76161,0 -28223,996 12930,836806641095
-8151,0 -75998,0 -28644,536 13170,613672897094
-8151,0 -71029,0 -28095,516 12794,731617261217
-8151,0 -97787,0 -28375,894 13570,445321313671
-8151,0 -75521,0 -27682,204 12300,020215852657
-8151,0 -67180,0 -27737,974 12372,44796009763
-8151,0 -72230,0 -27510,52 12734,119698416533
-8151,0 -77355,0 -27575,64 12883,671515154365
-8151,0 -66172,0 -28001,63 12553,68273810917
-8151,0 -69365,0 -28393,602 13444,49715770716
-6742,0 -75554,0 -26839,634 12919,567740913157
-6742,0 -77187,0 -27309,476 13104,946455801486
-6742,0 -76086,0 -27100,956 13492,351246467902
-6742,0 -75893,0 -26300,81 12987,346072770228
-6742,0 -81002,0 -25596,228 12775,518007032673
-6742,0 -82103,0 -25607,366 13583,536211754428
-6742,0 -80505,0 -25743,008 12935,813748811328
-6742,0 -75916,0 -25543,076 12800,925770670803
-6742,0 -80972,0 -25850,668 13670,037057220294
-6742,0 -74858,0 -25788,696 13476,625173817962
-6742,0 -79506,0 -24652,128 12981,193234199081
-6742,0 -67924,0 -25443,758 12319,38404431959
-6742,0 -83954,0 -25578,162 13210,151226680036
-6742,0 -86443,0 -25112,906 12490,459573016675
-6742,0 -92963,0 -25121,988 12432,055330147788
-6742,0 -73040,0 -25870,874 12838,554834019444
-6676,0 -70976,0 -25561,548 12616,970164809614
-6676,0 -72930,0 -26100,38 13066,40635062296
-6676,0 -67907,0 -26303,434 12811,601023199408
-6676,0 -78761,0 -26768,886 13343,87516851847
-6006,0 -68600,0 -25566,08 13153,271737085031
-6006,0 -79542,0 -25291,976 13341,068433803339
-5992,0 -72300,0 -24876,922 12717,250981399871
-5992,0 -68674,0 -25468,278 12997,835758491325
-5992,0 -69470,0 -25203,854 13593,60242763793
-5992,0 -71038,0 -23792,182 12519,635196317666
-5293,0 -70911,0 -23935,834 12771,291005158566
-5293,0 -72050,0 -24145,04 12590,965714765493
-5293,0 -77663,0 -23835,456 12832,750928622594
-3881,0 -75753,0 -23587,872 13197,942116239788
-3881,0 -72227,0 -23939,606 13375,749007467359
-3881,0 -74547,0 -24179,744 13448,70789832481
-3881,0 -74551,0 -24786,656 14041,034170375915
-3881,0 -66365,0 -23676,122 12461,274278624798
-3881,0 -65949,0 -23604,088 13076,92282091838
-3881,0 -87063,0 -24361,06 13665,063878094388
-3875,0 -69886,0 -24206,326 13433,916226317766
-3875,0 -83357,0 -24757,858 13653,551506982938
-3875,0 -76345,0 -24506,202 13783,494491209263
-3875,0 -71045,0 -24156,84 13628,950663730486
-3875,0 -87275,0 -23094,8 14097,105808214663
-3875,0 -66040,0 -23042,658 13315,70766054272
-3875,0 -77470,0 -23602,422 14511,950928662764
-3875,0 -69801,0 -23251,048 13266,676887513911
-3875,0 -80483,0 -23799,008 14023,095557541352
-3875,0 -77244,0 -22639,696 13027,305936976532
-3868,0 -65000,0 -22603,082 13105,782570578374
-3868,0 -72480,0 -23633,452 13434,093944278346
-3868,0 -71204,0 -24168,56 14402,037715628996
-3868,0 -81346,0 -23780,208 13798,447034820116
-3868,0 -72545,0 -22991,408 13019,342973650242
-3868,0 -79815,0 -23931,15 14193,544959998557
-3868,0 -70292,0 -23305,694 13390,795953503432
-3868,0 -68709,0 -23238,526 13456,169465539744
-3143,0 -70902,0 -23149,318 13621,449004011134
-3143,0 -67219,0 -22043,998 12604,812715704908
-3143,0 -73935,0 -23032,492 14191,370599696702
-3143,0 -75645,0 -22299,848 13530,506410807255
-3143,0 -75331,0 -21380,526 12784,698322656037
-3143,0 -76645,0 -21623,646 13171,960345395966
-3143,0 -73829,0 -21254,428 13449,743071628383
-3143,0 -63849,0 -21380,18 13474,105774989299
-3143,0 -76212,0 -20970,484 13228,537081240089
-3143,0 -70831,0 -20426,054 13391,553553157455
-2469,0 -62816,0 -20322,966 12894,527694213693
-2469,0 -79440,0 -19896,428 12857,589953985007
-2468,0 -70731,0 -19935,652 12740,194582929103
-2468,0 -68866,0 -20604,12 13716,256568233193
-2468,0 -63707,0 -20266,848 13200,787379277646
-2468,0 -75618,0 -19709,57 13412,7177344899
-2468,0 -67750,0 -20171,096 13069,675571749432
-2468,0 -70807,0 -19934,028 13852,011363669035
-2468,0 -69507,0 -19858,004 13701,931415533507
-2468,0 -73675,0 -19424,574 13638,444504287283
-2468,0 -67279,0 -20232,902 12947,895557363594
-2456,0 -69783,0 -21443,942 14278,76364082815
-2454,0 -71458,0 -20114,294 12585,120597895122
-2454,0 -79652,0 -20609,096 13707,088919489213
-1756,0 -70063,0 -19746,254 13492,413685382022
-1756,0 -86080,0 -19107,224 12147,570447370294
-1756,0 -69681,0 -19686,77 13267,26127613005
-1756,0 -76795,0 -19323,282 13298,695680196459
-1756,0 -75297,0 -20226,446 12796,798025407923
-1756,0 -71945,0 -21121,356 14132,35223270578
-1756,0 -77324,0 -20537,682 13453,831106895752
-1756,0 -67261,0 -20762,722 13517,880303979473
-1756,0 -68300,0 -20519,398 13601,695750295108
-1736,0 -65417,0 -19170,202 12861,84547074004
-1736,0 -63677,0 -19160,24 12279,180880433347
-1736,0 -68437,0 -19616,288 13147,238155181334
-1736,0 -71223,0 -19360,008 13224,839698232105
-1735,0 -81818,0 -19953,76 13772,499816460344
-1735,0 -74760,0 -19736,928 12939,58621003067
-1735,0 -73390,0 -20274,158 13737,481905831075
-1735,0 -79903,0 -20151,056 13139,843680990421
-1735,0 -65357,0 -20349,806 13313,531056499023
-1735,0 -82995,0 -20760,094 13840,906292044754
-1735,0 -71754,0 -20385,422 13562,9028027158
-1735,0 -71664,0 -20457,862 13780,225260094856
-1735,0 -70294,0 -20042,82 14173,953003012242
-1735,0 -70950,0 -20172,88 13547,415901403489
-1735,0 -78438,0 -19877,194 13829,952299280136
-1735,0 -66827,0 -19464,43 12856,314695319961
-1735,0 -73633,0 -19710,756 13326,712240626497
-1735,0 -65742,0 -19592,744 12907,730675624749
-1735,0 -73778,0 -21049,252 14076,74744550374
-1735,0 -81388,0 -20364,446 13963,846385687728
-1735,0 -78030,0 -19279,662 12966,926457713726
-1735,0 -62926,0 -20254,744 13425,839469860499
-1735,0 -83636,0 -20748,43 13901,054404796061
-1735,0 -76307,0 -20709,342 13344,690263510656
-1735,0 -68180,0 -20506,29 13286,222880183068
-1735,0 -79848,0 -20231,122 12713,11672372735
-1735,0 -67247,0 -21177,782 12850,538922024865
-1735,0 -74753,0 -21159,21 12808,022009424401
-1735,0 -79761,0 -22267,462 15236,02068496088
-1735,0 -73316,0 -20615,304 13575,266892683323
-1048,0 -76862,0 -20721,432 12649,724803226993
-1048,0 -70345,0 -19710,94 12510,863616889113
-1048,0 -71146,0 -21248,922 13245,00688606525
-1048,0 -68414,0 -20562,744 13908,675204866347
-1048,0 -74484,0 -19683,156 13293,743796375195
-1048,0 -66741,0 -19246,402 13530,723439358157
-1048,0 -68746,0 -18625,25 13088,270390066826
-1048,0 -62588,0 -18916,23 13286,79202475526
-1048,0 -77804,0 -19868,356 14012,641731852851
-1048,0 -76785,0 -20021,856 13569,934304014298
-1048,0 -71055,0 -20436,758 13700,940175602404
-1048,0 -65302,0 -19702,832 13644,20476304046
-1048,0 -63971,0 -19970,882 13243,003969193544
-1048,0 -67221,0 -20367,314 13201,716202199026
-1048,0 -74771,0 -20802,334 13143,182881571875
-1048,0 -73905,0 -19466,762 13297,338791553586
-1048,0 -68057,0 -19208,454 13245,364541600355
-1048,0 -73406,0 -18828,974 13807,225221503559
-1048,0 -72751,0 -18086,056 13233,92736737149
-1048,0 -71592,0 -18006,47 13002,087314623752
-1048,0 -70372,0 -18295,14 13546,495268828761
-1048,0 -69606,0 -18142,842 13549,956700928455
-1048,0 -62398,0 -18096,496 13788,042784165707
-1048,0 -74132,0 -18008,69 12863,991833871001
-1048,0 -68629,0 -18243,656 13179,288184331657
-1029,0 -67227,0 -18116,47 12865,949996525713
-1029,0 -77735,0 -18024,488 13109,31879625543
-1029,0 -67085,0 -17852,018 12848,79686623133
-1029,0 -74303,0 -17628,466 12994,072033848512
-1029,0 -68228,0 -17970,218 13412,47426071999
-1029,0 -96167,0 -17803,452 12893,601753261028
-1028,0 -65162,0 -18135,572 13281,980904248283
-1028,0 -60803,0 -17634,158 12269,26574465791
-1028,0 -72015,0 -18294,554 12605,92504448142
-1028,0 -62893,0 -19613,368 13091,27784231073
-1028,0 -75957,0 -18463,812 12847,564117320293
-1028,0 -62185,0 -18198,734 12717,127961739006
-1028,0 -73700,0 -18256,686 13135,59091017241
-1028,0 -66446,0 -18535,668 13128,770537631322
-1028,0 -76543,0 -19311,238 12878,728357774924
-1028,0 -79673,0 -19788,194 13960,679902510621
-1028,0 -67094,0 -19250,802 12951,57981308829
-1028,0 -78897,0 -19392,19 13324,16204576858
-1028,0 -63257,0 -18989,018 12979,734341105597
-1028,0 -62662,0 -19036,168 12917,635762312544
-1028,0 -64071,0 -17729,076 12668,099602001232
-1028,0 -63657,0 -17720,036 12294,701433979759
-1027,0 -60264,0 -19838,672 13355,161726329481
-1027,0 -78590,0 -19808,148 13870,297646052732
-1027,0 -77992,0 -19433,592 14302,501655358616
-1027,0 -62080,0 -18871,166 13100,12887915398
-1027,0 -64246,0 -18713,224 12931,07676250605
-1027,0 -71432,0 -19069,732 14151,723096223153
-1027,0 -74181,0 -18594,926 13808,697621590678
-1027,0 -62340,0 -17949,506 12985,963948893586
-1027,0 -76871,0 -17854,746 12856,801518009219
-1027,0 -67363,0 -16748,172 12024,298602513823
-1027,0 -67147,0 -17781,688 12851,150676677016
-1027,0 -74352,0 -17565,416 13098,392110749472
-1027,0 -66759,0 -17066,416 13008,639552656685
-1027,0 -70590,0 -17278,244 12657,45974484865
-1027,0 -73445,0 -18121,812 14296,104176895742
-1027,0 -61257,0 -16852,956 12992,07423247204
-1027,0 -61345,0 -17211,544 13723,728026453451
-1027,0 -66096,0 -16023,54 13008,351368578573
-1027,0 -64968,0 -15948,088 13335,348506141712
-1027,0 -62986,0 -16676,234 12857,050291231031
-1027,0 -71012,0 -16764,47 12828,139858182858
-1027,0 -65112,0 -15902,356 11736,37520997279
-1027,0 -59360,0 -17272,562 12708,825550071722
-1027,0 -66648,0 -16223,004 13125,049548858246
-1027,0 -71796,0 -16789,47 14028,069028098625
-1027,0 -68746,0 -16965,052 13773,300521708501
-1027,0 -67385,0 -15075,374 12888,582694544968
-1027,0 -72602,0 -15686,086 12942,888784757593
-1027,0 -65982,0 -16696,914 13225,401070916674
-1027,0 -75192,0 -17026,938 13392,590784241713
-1027,0 -63951,0 -16862,228 13335,964496504032
-1027,0 -76900,0 -17531,974 13659,13669414448
-1027,0 -68696,0 -17838,808 14181,94798309231
-1027,0 -68404,0 -16813,35 13024,022241515879
-1027,0 -78653,0 -17697,75 13697,275020072422
-1027,0 -69841,0 -18150,906 14171,874471824955
-1027,0 -59955,0 -16750,138 12880,112444810262
-1027,0 -69169,0 -17505,09 13408,670399331168
-1027,0 -76102,0 -17247,898 13014,96855668872
-1027,0 -67466,0 -17499,12 12908,138704615789
-1027,0 -61806,0 -16973,268 12538,791876260486
-1027,0 -68748,0 -17413,836 12881,476639931621
-1027,0 -60952,0 -18049,082 12718,609011809269
-1027,0 -74451,0 -17898,62 13380,34411693511
-1027,0 -68882,0 -17723,984 13297,674055704025
-1027,0 -70148,0 -17108,6 12597,951801146104
-1027,0 -59415,0 -17225,302 12890,258864072359
-1027,0 -63056,0 -17175,496 12769,526328802649
-1027,0 -74582,0 -18374,858 14195,614794500301
-1027,0 -65103,0 -18274,708 13373,7960538785
-1027,0 -72034,0 -16707,248 11616,165816417048
-1027,0 -73943,0 -16817,492 12731,851551362677
-1027,0 -77889,0 -16961,476 12771,111715172805
-1027,0 -60560,0 -17213,76 12683,959556321523
-1027,0 -56544,0 -17347,8 12559,694871930595
-1027,0 -76600,0 -16445,008 12774,33256213161
-1027,0 -71867,0 -17389,648 12819,5248018051
-1027,0 -63020,0 -17025,154 12170,774316792007
-1027,0 -71232,0 -17470,26 13598,304365044934
-1027,0 -70185,0 -17514,96 12804,869322503842
-1027,0 -73686,0 -18414,082 13884,551681177034
-1027,0 -65244,0 -17553,492 13163,696761090176
-1027,0 -65395,0 -16683,262 12647,257620265194
-1027,0 -63052,0 -16464,85 13151,466385597469
-1027,0 -61988,0 -17086,68 12855,909816951893
-1027,0 -68038,0 -17894,362 13667,986006832027
-1027,0 -58580,0 -17864,122 13047,682634671795
-1027,0 -80088,0 -17036,676 12534,848923821293
-1027,0 -62671,0 -17421,382 12754,927559812959
-1027,0 -64734,0 -17853,862 12792,12688034933
-1027,0 -68006,0 -18399,906 13144,990750896859
-1027,0 -75638,0 -18256,712 13478,26055635726
-1027,0 -62310,0 -18048,332 12658,165595131695
-1027,0 -63065,0 -18324,674 12584,168421779961
-1027,0 -55705,0 -18053,318 12353,765584342123
-1027,0 -81906,0 -18358,158 13559,81466912568
-1027,0 -74132,0 -17080,558 13064,786776011155
-1027,0 -73441,0 -17535,67 13476,734118958495
-1027,0 -62159,0 -16999,664 12858,815143515518
-1027,0 -79311,0 -17239,828 13806,49104220243
-1027,0 -75170,0 -18322,528 13433,444088438977
-1027,0 -74816,0 -16720,508 13249,231667456646
-1027,0 -67616,0 -17419,664 13420,340745119109
-1027,0 -75463,0 -17201,99 12901,952055789856
-1027,0 -58476,0 -16499,794 12314,982416210101
-1027,0 -68914,0 -17303,782 13891,259488270893
-1027,0 -72334,0 -16763,618 13099,001473703105
-1027,0 -70057,0 -17174,36 12868,400472413037
-1027,0 -74142,0 -18106,922 13463,123702169418
-1027,0 -77555,0 -18352,312 13880,358804247679
-1027,0 -81820,0 -17332,066 12918,532831310375
-1027,0 -67967,0 -17663,396 12751,782835634553
-1027,0 -65857,0 -18054,272 13288,71533482511
-1027,0 -71433,0 -17307,976 12823,15841403451
-1027,0 -68638,0 -17708,252 13534,14842184376
-1027,0 -68650,0 -16513,986 12108,356678005654
-1027,0 -63819,0 -18101,178 13429,22549480483
-1027,0 -70963,0 -18616,096 13488,199238400352
-1027,0 -64559,0 -19327,366 13394,814070230463
-1027,0 -68882,0 -18845,294 13081,866477363392
-1027,0 -70164,0 -18823,69 14126,5613789733
-1027,0 -64474,0 -17960,77 12659,028420581895
-1027,0 -65728,0 -17290,678 12792,617579772954
-1027,0 -68710,0 -17943,87 13262,485816508917
-1027,0 -69104,0 -18396,226 13398,758926218652
-1027,0 -67185,0 -18170,37 13222,310186843286
-1027,0 -68825,0 -18739,042 13679,508615891007
-1027,0 -69107,0 -18680,462 13651,547588480793
-1027,0 -72921,0 -17329,966 12649,327099448574
-1027,0 -77404,0 -16674,508 12397,808333489265
-1027,0 -73590,0 -18686,95 13749,285287152185
-1027,0 -66496,0 -18554,788 14082,625546220273
-1027,0 -78701,0 -18191,736 14077,81088629564
-1027,0 -76414,0 -18512,492 14505,163608382218
-1027,0 -61745,0 -17283,942 13192,764050745236
-1027,0 -67665,0 -17367,948 13157,463973931148
-1027,0 -69221,0 -17345,586 12917,43921938881
-1027,0 -68546,0 -16780,002 13135,3659853845
-1027,0 -62468,0 -16588,988 12008,346112594187
-1027,0 -75484,0 -17052,066 12600,845852626086
-1027,0 -68532,0 -17376,85 12901,646379726133
-1027,0 -70758,0 -16910,98 12622,517950377416
-1027,0 -63774,0 -16176,84 12343,494830978792
-1027,0 -67581,0 -17759,152 13518,00218156869
-1027,0 -71976,0 -18118,948 12869,555763945235
-1027,0 -78928,0 -18075,736 13040,503576867877
-1027,0 -61353,0 -17442,694 13018,869504544698
-1027,0 -61425,0 -18865,376 13175,994031063614
-1027,0 -75400,0 -19370,694 14442,559495614489
-1027,0 -66881,0 -18483,308 13769,717530622625
-1027,0 -66657,0 -17908,174 13378,65786272016
-1027,0 -68236,0 -17753,246 13105,25374700864
-1027,0 -76333,0 -18925,464 14306,142797298793
-1027,0 -70430,0 -18848,002 14213,629176040724
-1027,0 -66653,0 -18106,216 13745,453578305225
-1027,0 -90041,0 -17982,598 13635,820141245486
-1027,0 -74236,0 -18295,668 13543,48983599781
-1027,0 -65972,0 -16975,318 11793,840048130038
-1027,0 -81545,0 -18549,548 13048,707143303354
-1027,0 -67472,0 -18907,638 12954,569269217558
-1027,0 -70821,0 -18827,23 13812,154601549311
-1027,0 -72630,0 -19109,274 12946,995220780918
-1027,0 -75900,0 -19059,304 13174,011809907572
-1027,0 -71696,0 -18755,924 13299,763514372133
-1027,0 -70617,0 -18416,432 12781,484189458435
-1027,0 -63217,0 -18680,37 13220,878770531855
-1027,0 -67588,0 -17947,744 12963,19489626165
-1027,0 -77606,0 -17389,212 13610,258063499608
-1027,0 -82163,0 -17141,902 13830,37673992998
-1027,0 -65893,0 -17228,138 13207,399984817446
-1027,0 -84013,0 -16493,26 13205,710523724209
-1027,0 -66148,0 -15844,49 12521,014766299895
-1027,0 -67359,0 -16305,056 12132,81612309624
-1027,0 -63138,0 -18143,064 13668,858829613542
-1027,0 -77166,0 -17886,966 13598,78937394223
-1027,0 -65665,0 -16725,746 13222,61353535994
-1027,0 -82014,0 -16266,324 12861,809847258048
-1027,0 -86114,0 -17057,388 13784,550018533648
-1027,0 -69333,0 -16282,09 13118,130023059688
-1027,0 -68671,0 -17147,846 13325,07007419788
-1027,0 -72616,0 -17421,692 12959,993313776671
-1027,0 -61212,0 -17029,72 12800,009731465048
-1027,0 -63535,0 -18781,776 13657,157385115835
-1027,0 -72454,0 -17993,154 12836,021786764157
-1027,0 -69820,0 -19085,182 13450,47806707539
-1027,0 -70408,0 -18770,094 13827,2454694767
-1027,0 -65421,0 -18998,662 13637,411086410646
-1027,0 -67946,0 -18154,954 12361,383113708753
-1027,0 -71403,0 -18497,546 13068,878111754051
-1027,0 -74641,0 -18887,402 13046,007422364746
-1027,0 -79987,0 -18695,978 13168,38115811947
-1027,0 -69497,0 -18883,82 13062,463743092263
-1027,0 -73762,0 -18186,854 13266,02255480836
-1027,0 -65687,0 -17522,012 13011,485796320729
-1027,0 -64257,0 -18122,89 13281,535749825773
-1027,0 -73365,0 -18337,926 13751,896607396522
-1027,0 -87338,0 -18502,684 13275,828694441048
-1027,0 -68076,0 -17921,522 14175,601043254424
-1027,0 -65314,0 -17573,63 13385,027514842854
-1027,0 -61684,0 -17671,11 13461,123976915898
-1027,0 -71981,0 -18164,706 13737,79453666286
-1027,0 -65629,0 -17243,516 13500,135233609473
-1027,0 -65064,0 -16526,326 13113,645234629612
-1027,0 -69625,0 -16616,114 12840,955459194
-1027,0 -62503,0 -17345,676 13054,452370858924
-1027,0 -68188,0 -17280,644 13570,726890231925
-1027,0 -71342,0 -17100,544 13124,105341243801
-1027,0 -67205,0 -17511,15 12656,437361418108
-1027,0 -58130,0 -18143,694 13387,726799138225
-1027,0 -72690,0 -17768,184 14004,034957759284
-1027,0 -66829,0 -15863,416 12875,395441653196
-1027,0 -78081,0 -16940,576 13193,635286615436
-1027,0 -64565,0 -17139,458 13464,815723070109
-1027,0 -62906,0 -16722,892 12841,503270892239
-1027,0 -64182,0 -16631,324 12514,986867712812
-1027,0 -63941,0 -16688,514 12951,977477814118
-1027,0 -61346,0 -16486,576 12235,1213244587
-1027,0 -70906,0 -17294,372 13568,991198376394
-1027,0 -71391,0 -15995,952 12398,653157891627
-1027,0 -63782,0 -16893,428 12438,910614873635
-1027,0 -67590,0 -16880,392 13022,6062750256
-1027,0 -61137,0 -16900,102 12874,823992567663
-1027,0 -78896,0 -16414,77 12841,302197250092
-1027,0 -70638,0 -16433,396 13191,731881871463
-1027,0 -78756,0 -16792,256 13430,332851216459
-1027,0 -72150,0 -16676,748 13018,224932627954
-1027,0 -72807,0 -16091,754 12711,383681467729
-1027,0 -67382,0 -16438,244 12815,482227854869
-1027,0 -63093,0 -16150,276 12392,84991080841
-1027,0 -68737,0 -17211,318 12984,712446137411
-1027,0 -66060,0 -17507,388 13772,21391503398
-1027,0 -63694,0 -17641,264 13307,691167077186
-1027,0 -67405,0 -17631,718 13190,520739473328
-1027,0 -84053,0 -18820,392 14348,48417033436
-1027,0 -74123,0 -18736,588 14241,843145683635
-1027,0 -69092,0 -18525,28 13139,555877182458
-1027,0 -63871,0 -18770,126 12989,924530578466
-1027,0 -70185,0 -18755,878 13077,891430774149
-1027,0 -71057,0 -17523,98 12683,317622436169
-1027,0 -70526,0 -17957,098 12548,068742894093
-1027,0 -66954,0 -17997,958 12798,135835512758
-1027,0 -68474,0 -18768,154 12643,833770114343
-1027,0 -64752,0 -18678,412 13712,203637864195
-1027,0 -76000,0 -18760,868 13565,026413486119
-1027,0 -70798,0 -18045,462 13037,684911078186
-1027,0 -65340,0 -18499,166 13002,863216016842
-1027,0 -76415,0 -19221,494 13258,092794439332
-1027,0 -65102,0 -19512,066 13650,466142577103
-1027,0 -76338,0 -18984,148 13241,73086760549
-1027,0 -69298,0 -19005,218 12927,783112911364
-1027,0 -70873,0 -18943,156 13561,286125130762
-1027,0 -67288,0 -18543,026 12823,798029964604
-1027,0 -65943,0 -18562,23 12348,180980091764
-1027,0 -74518,0 -19452,686 13654,424004673503
-1027,0 -71568,0 -18520,098 13063,93155265275
-1027,0 -67675,0 -17502,806 12158,185147478387
-1027,0 -63525,0 -18485,86 13759,891764705118
-1027,0 -65968,0 -19022,962 13698,387508044732
-1027,0 -89405,0 -19666,82 14658,878529942183
-1027,0 -76957,0 -18587,696 13939,599272274085
-1027,0 -68644,0 -18587,502 13834,019787827257
-1027,0 -67751,0 -15973,932 12221,60131993251
-1027,0 -67527,0 -17362,444 12809,642722998327
-1027,0 -72378,0 -18373,194 13545,987742957843
-1027,0 -63080,0 -17458,552 12366,96231623983
-1027,0 -69808,0 -17616,12 12603,12149769255
-1027,0 -61554,0 -19435,776 13085,979021449788
-1027,0 -65551,0 -19867,894 14083,919244541405
-1027,0 -91716,0 -19964,224 13877,11853353657
-1027,0 -67358,0 -18310,986 12237,534537389623
-1027,0 -76801,0 -19187,298 13309,658597469586
-1027,0 -65863,0 -20665,72 13716,679391806168
-1027,0 -80742,0 -19953,82 13593,236172876568
-1027,0 -73703,0 -18934,23 13332,270541850696
-1027,0 -66424,0 -19129,334 13255,037310035908
-1027,0 -80020,0 -19929,708 12831,608439269641
-1027,0 -71801,0 -20637,656 13641,341053051345
-1027,0 -68594,0 -21135,608 14239,859348544702
-1027,0 -75725,0 -20013,532 13806,624228861161
-1027,0 -61292,0 -19142,84 13255,914495590261
-1027,0 -68756,0 -19139,838 13162,528311223341
-1027,0 -68661,0 -18892,162 13801,790944212864
-1027,0 -77932,0 -18049,024 13257,339012163186
-1027,0 -67873,0 -17957,086 13155,525737369982
-1027,0 -66088,0 -18638,854 13635,834850007674
-1027,0 -69724,0 -17302,374 13104,78887071913
-1027,0 -74566,0 -17857,44 13766,609918581991
-1027,0 -66687,0 -18330,78 13374,736237982419
-1027,0 -68170,0 -18298,364 13613,68172874273
-1027,0 -75420,0 -19119,642 13953,111785757183
-1027,0 -65369,0 -18952,188 13496,173739866275
-1027,0 -62991,0 -18236,416 12973,198233085934
-1027,0 -69315,0 -18197,876 12644,074752255456
-1027,0 -77303,0 -18781,51 13527,359040326388
-1027,0 -72705,0 -18655,64 12977,823314654896
-1027,0 -65812,0 -18475,826 12939,397371891937
-1027,0 -62792,0 -18354,136 12958,068927950026
-1027,0 -67184,0 -19130,596 14236,170390690895
-1027,0 -63601,0 -18419,312 12965,161962222295
-1027,0 -58555,0 -18842,738 13252,354727268505
-1027,0 -73056,0 -17725,996 13552,25359399624
-1027,0 -64190,0 -17462,488 12794,220296128091
-1027,0 -79859,0 -16648,35 12412,22374691579
-1027,0 -61747,0 -17359,586 12185,86074951638
-1027,0 -65595,0 -17636,89 12888,80966799883
-1027,0 -62364,0 -18219,554 12465,258127735828
-1027,0 -65093,0 -17987,966 12711,182607328237
-1027,0 -65875,0 -18186,314 12549,395087708579
-1027,0 -78582,0 -18473,522 13721,92054522675
-1027,0 -66995,0 -17656,136 13305,23124344346
-1027,0 -82634,0 -18861,766 14739,980906203506
-1027,0 -70517,0 -17723,984 13611,075972006913
-1027,0 -72860,0 -18091,85 13543,67411153636
-1027,0 -65268,0 -18314,788 13214,042832648007
-1027,0 -75804,0 -18525,288 13138,171871803781
-1027,0 -73008,0 -19439,108 14244,512663069108
-1027,0 -67060,0 -18655,334 13807,267693010235
-1027,0 -66745,0 -18834,978 13597,01742035789
-1027,0 -65805,0 -18137,434 13334,638270521022
-1027,0 -79051,0 -18811,074 13594,08599386233
-1027,0 -67568,0 -18178,076 13269,108803164736
-1027,0 -71160,0 -18937,918 13642,535260547285
-1027,0 -75062,0 -18939,272 14355,741772197487
-1027,0 -79377,0 -18272,084 13581,387676704611
-1027,0 -66490,0 -17911,26 12920,95748620821
-1027,0 -84448,0 -19006,884 13673,125130801074
-1027,0 -63152,0 -17967,594 12367,723327482872
-1027,0 -63957,0 -18588,744 13214,7138075126
-1027,0 -70433,0 -18147,714 13658,546335104771
-1027,0 -71267,0 -18297,88 13229,052132091698
-1027,0 -62281,0 -18329,152 13084,091034416419
-1027,0 -71710,0 -18368,308 12896,745849133264
-1027,0 -71683,0 -19054,194 12847,055613655757
-1027,0 -80418,0 -18199,97 12599,688387618957
-1027,0 -69443,0 -19044,264 13086,326095520622
-1027,0 -68292,0 -18376,678 13515,783584177274
-1027,0 -66295,0 -17431,73 11989,066100455862
-1027,0 -59938,0 -17587,316 12507,097762956204
-1027,0 -68381,0 -16777,214 12263,210938420823
-1027,0 -73755,0 -17555,726 12865,261418677976
-1027,0 -74180,0 -17463,532 13274,515037656785
-1027,0 -72413,0 -16735,254 12123,171501776427
-1027,0 -65689,0 -17063,084 12444,17516723965
-1027,0 -61026,0 -18025,372 12497,065842413409
-1027,0 -71507,0 -18409,666 13997,848148570693
-1027,0 -72398,0 -18728,438 13759,474989771817
-1027,0 -80809,0 -18133,132 12954,053178622355
-1027,0 -68912,0 -18800,232 13700,86782602387
-1027,0 -65315,0 -19580,774 13330,850425645169
-1027,0 -76269,0 -19594,7 14380,154637763791
-1027,0 -70695,0 -19120,584 13959,267338042644
-1027,0 -78293,0 -17546,722 13340,297688309503
-1027,0 -96933,0 -18144,266 13901,227558861265
-1027,0 -70570,0 -17748,354 13679,582857846364
-1027,0 -65334,0 -16903,498 12409,241111768108
-1027,0 -74267,0 -18419,388 13643,986023939487
-1027,0 -67364,0 -17888,394 13006,541561643662
-1027,0 -66892,0 -17764,048 13198,193832555118
-1027,0 -71690,0 -18350,816 13535,48440810834
-1027,0 -70017,0 -17029,14 12728,910262877967
-1027,0 -63720,0 -18079,214 12999,305552844118
-1027,0 -66317,0 -17925,25 13026,030857306458
-1027,0 -66649,0 -19663,552 13779,346811343996
-1027,0 -65978,0 -18787,04 12590,896445543502
-1027,0 -72546,0 -18949,404 13097,059930105843
-1027,0 -86419,0 -18342,768 12968,087830292325
-1027,0 -79940,0 -18617,092 13480,369344626128
-1027,0 -70009,0 -19643,202 14243,991526015312
-1027,0 -64501,0 -18313,146 12871,6520666418
-1027,0 -72214,0 -18991,758 12972,601478633187
-1027,0 -75394,0 -19196,104 12779,305563808382
-1027,0 -63189,0 -18989,452 13619,397004849223
-1027,0 -61732,0 -17655,514 12728,755941324507
-1027,0 -65338,0 -18099,442 13514,441956168072
-1027,0 -58359,0 -17489,24 12528,096040276829
-1027,0 -74116,0 -17525,742 12975,769649906555
-1027,0 -58469,0 -16546,716 12133,317061518834
-1027,0 -60123,0 -18215,058 13556,989485967608
-1027,0 -74502,0 -17182,698 13248,303396087964
-1027,0 -71857,0 -17258,458 12974,152397140859
-1027,0 -78070,0 -17378,796 13346,783592400981
-1027,0 -74269,0 -17834,842 13333,531110888665
-1027,0 -61827,0 -17222,158 13192,260653013042
-1027,0 -63795,0 -16826,262 12818,387473210352
-1027,0 -70520,0 -16322,326 12779,764200943764
-1027,0 -69589,0 -16270,24 12594,05538269545
-1027,0 -56018,0 -16686,47 12598,41188805557
-1027,0 -68994,0 -16541,236 13311,08785397737
-1027,0 -67673,0 -16433,862 12830,468654533088
-1027,0 -62162,0 -15781,624 12214,840674631167
-1027,0 -71709,0 -16440,028 13401,115709940574
-1027,0 -77029,0 -17040,804 13187,62678079661
-1027,0 -59034,0 -16189,452 12768,173990187326
-1027,0 -66502,0 -18089,336 14033,688298772493
-1027,0 -63775,0 -17495,858 13667,00222454932
-1027,0 -76540,0 -18098,912 14144,363485298869
-1027,0 -59854,0 -18076,542 13098,337150960644
-1027,0 -79641,0 -18507,964 13264,411473062191
-1027,0 -69100,0 -18648,21 13332,516239701337
-1027,0 -72234,0 -17951,416 12438,371615888625
-1027,0 -68752,0 -18561,64 13193,549568118508
-1027,0 -68667,0 -18494,712 13320,465474489098
-1027,0 -65328,0 -18036,648 13155,890002432216
-1027,0 -72758,0 -18143,434 12914,696615470457
-1027,0 -68087,0 -18411,998 13969,07589864111
-1027,0 -71103,0 -17578,676 12870,40965591321
-1027,0 -69925,0 -17362,268 12803,531270402553
-1027,0 -62860,0 -16992,196 12562,520598414316
-1027,0 -69140,0 -17008,412 12946,010206787878
-1027,0 -92323,0 -17437,08 13390,4874728891
-1027,0 -82666,0 -16857,274 12807,519805915746
-1027,0 -62960,0 -17224,008 13553,584733934267
-1027,0 -61769,0 -16838,776 12766,709591034956
-1027,0 -76374,0 -16495,41 13193,482306877891
-1027,0 -67596,0 -16889,382 13324,564126757616
-1027,0 -65523,0 -16185,108 12797,036175471885
-1027,0 -64600,0 -16317,38 12474,192488477964
-1027,0 -68163,0 -16931,59 13449,120217244687
-1027,0 -69529,0 -17335,162 13329,31109966889
-1027,0 -90288,0 -18096,71 13543,587491425595
-1027,0 -71497,0 -16588,178 12745,903836382733
-1027,0 -63193,0 -17636,028 13605,22997979881
-1027,0 -73328,0 -17019,866 13238,761527727733
-1027,0 -64558,0 -18087,196 13493,184330378954
-1027,0 -67722,0 -17517,546 13278,60823128252
-1027,0 -66593,0 -16950,808 13263,245594315742
-1027,0 -68724,0 -16936,104 13152,965800350272
-1027,0 -67593,0 -17657,296 13601,435662031563
-1027,0 -60698,0 -17441,816 13088,20000558304
-1027,0 -77116,0 -17154,43 13132,663745832371
-1027,0 -65011,0 -16980,92 13187,262475646716
-1027,0 -78090,0 -17101,758 12857,969548394338
-1027,0 -68691,0 -18039,368 13601,874069722007
-1027,0 -74923,0 -17259,154 12932,968597900643
-1027,0 -69697,0 -17657,174 12843,06391745069
-1027,0 -66585,0 -18741,604 14006,060824628168
-1027,0 -69776,0 -17275,114 13640,031643548487
-1027,0 -64862,0 -17346,178 12696,325253171326
-1027,0 -80740,0 -17786,73 12990,085565734355
-1027,0 -79164,0 -18585,264 13662,340732330751
-1027,0 -72399,0 -18201,25 13139,650339316491
-1027,0 -71106,0 -18520,938 13684,886450758595
-1027,0 -79310,0 -19360,53 13764,514823454552
-1027,0 -73815,0 -19301,652 14133,361063487206
-1027,0 -68939,0 -18719,22 13066,95179372757
-1027,0 -81855,0 -18006,718 13277,710984747186
-1027,0 -76009,0 -18623,374 12842,317631102418
-1027,0 -70039,0 -19198,582 13837,495337642431
-1027,0 -70542,0 -18318,134 13871,197083166397
-1027,0 -79354,0 -17654,998 12839,736727908254
-1027,0 -74119,0 -17688,948 12985,097994443333
-1027,0 -66978,0 -19467,418 13663,59875052235
-1027,0 -66878,0 -17966,084 13095,120999706114
-1027,0 -64513,0 -17700,75 12372,715370018823
-1027,0 -64898,0 -18373,506 13367,180563228889
-1027,0 -70692,0 -19089,606 13138,388430807036
-1027,0 -64330,0 -18936,134 13174,215055632112
-1027,0 -64605,0 -19054,482 14011,021468746521
-1027,0 -63685,0 -17961,346 12590,884843182543
-1027,0 -71096,0 -18262,756 12778,424811707582
-1027,0 -71456,0 -18532,366 13137,02577831238
-1027,0 -71031,0 -18312,192 13364,750047611671
-1027,0 -60912,0 -18501,414 13870,667258016247
-1027,0 -67877,0 -16585,854 12912,091348990836
-1027,0 -62879,0 -16907,156 13114,714084861478
-1027,0 -77758,0 -17782,998 13566,631808890374
-1027,0 -70974,0 -18172,074 14094,64667540567
-1027,0 -68177,0 -17874,514 13556,188557917165
-1027,0 -72126,0 -17376,036 12927,690666267654
-1027,0 -73602,0 -17106,298 12867,785000115437
-1027,0 -71793,0 -16494,988 12927,535782501473
-1027,0 -76206,0 -18000,57 14151,724338224652
-1027,0 -64099,0 -18111,194 13243,963084377878
-1027,0 -76695,0 -18401,26 13729,66367047642
-1027,0 -63788,0 -19148,14 13107,622541117065
-1027,0 -64558,0 -19338,522 13058,356259097698
-1027,0 -64709,0 -19063,846 12956,78117768005
-1027,0 -80619,0 -19216,12 13673,647137234462
-1027,0 -75805,0 -19253,118 13296,718232108096
-1027,0 -77352,0 -19584,692 13169,964146387638
-1027,0 -59975,0 -18662,53 12870,92477598638
-1027,0 -67391,0 -18812,124 13006,695535631798
-1027,0 -68509,0 -18572,75 13332,726468487232
-1027,0 -59673,0 -18619,548 12775,964757610125
-1027,0 -65859,0 -18822,074 12705,138598241427
-1027,0 -77948,0 -19219,892 13711,992826585643
-1027,0 -68017,0 -18420,174 12646,157646642088
-1027,0 -64561,0 -18465,818 12759,241171201209
-1027,0 -87141,0 -17911,554 12434,462499162717
-1027,0 -65891,0 -18984,69 12867,486681162722
-1027,0 -68605,0 -19713,964 13355,08006979756
-1027,0 -71888,0 -19958,442 12780,705282520057
-1027,0 -78629,0 -19333,142 12959,472937501585
-1027,0 -65701,0 -19826,734 12515,50181971318
-1027,0 -71625,0 -18289,058 12729,630269989613
-1027,0 -59917,0 -17806,098 12010,727222961812
-1027,0 -61575,0 -18557,688 12591,922418227328
-1027,0 -66955,0 -18788,026 13343,217623096913
-1027,0 -71508,0 -17881,734 12502,336475844986
-1027,0 -63748,0 -17448,158 12751,903432077737
-1027,0 -72229,0 -17657,972 13180,229058829582
-1027,0 -70524,0 -18528,86 13631,71077540894
-1027,0 -68099,0 -17512,426 13780,451388707263
-1027,0 -84817,0 -17493,3 13695,89699793335
-1027,0 -70292,0 -17658,888 12262,498060976646
-1027,0 -65629,0 -17142,252 12569,666579050378
-1027,0 -62404,0 -18132,272 13598,456734424537
-1027,0 -75842,0 -17979,902 13862,887969409414
-1027,0 -71512,0 -17514,944 13655,08051520986
-1027,0 -64490,0 -18594,734 13285,369091570014
-1027,0 -75675,0 -18216,692 13331,341872337383
-1027,0 -75982,0 -18965,694 13651,89287550865
-1027,0 -64168,0 -18524,886 13158,775551889472
-1027,0 -65158,0 -17902,856 12958,189991478897
-1027,0 -70342,0 -17777,14 13272,486619183312
-1027,0 -61810,0 -17612,482 12746,874604297162
-1027,0 -64477,0 -18310,294 13238,302154716213
-1027,0 -78922,0 -18176,728 13085,7086164264
-1027,0 -62795,0 -18963,89 13267,051388680904
-1027,0 -66068,0 -18841,904 13557,146731033938
-1027,0 -67517,0 -18308,184 13287,022980417545
-1027,0 -66681,0 -19642,288 13934,827091322515
-1027,0 -71735,0 -18743,448 13316,13618371695
-1027,0 -72644,0 -20025,014 13926,543749610095
-1027,0 -74249,0 -19676,334 14302,264926592712
-1027,0 -74280,0 -18705,744 13430,637405069947
-1027,0 -66559,0 -18534,534 13245,52808856045
-1027,0 -70124,0 -18557,964 14215,313615066818
-1027,0 -79393,0 -17441,476 13359,364471913477
-1027,0 -74071,0 -19047,63 13938,978009491937
-1027,0 -80649,0 -18546,262 13701,193678849893
-1027,0 -70483,0 -18324,162 13300,782693652132
-1027,0 -71074,0 -18191,666 14047,483708424226
-1027,0 -66082,0 -18043,826 13194,498737569527
-1027,0 -73843,0 -17430,084 13574,025657885875
-1027,0 -72696,0 -16950,064 13405,32093565477
-1027,0 -69378,0 -17376,954 13382,937574982712
-1027,0 -63255,0 -18024,048 13181,843393611378
-1027,0 -66664,0 -18212,226 13668,232161143731
-1027,0 -67362,0 -17319,21 12682,291553733497
-1027,0 -69477,0 -17692,162 14182,821745610288
-1027,0 -79682,0 -17411,222 13348,296851385792
-1027,0 -73822,0 -17931,296 14086,33475934688
-1027,0 -68789,0 -17965,482 13327,163349403203
-1027,0 -61733,0 -17363,95 12631,097586492624
-1027,0 -92463,0 -17522,858 12754,801540041153
-1027,0 -67840,0 -17487,714 12572,496255724394
-1027,0 -71948,0 -18157,588 12954,676294460474
-1027,0 -69428,0 -18538,238 12742,434267178147
-1027,0 -62932,0 -19779,962 13961,873714532587
-1027,0 -81568,0 -18814,4 14075,675477361658
-1027,0 -93585,0 -18374,65 13893,907354502557
-1027,0 -67656,0 -17106,238 12829,597387032694
-1027,0 -60301,0 -17300,924 13021,088383166123
-1027,0 -65985,0 -17674,716 12952,063445001495
-1027,0 -66094,0 -17031,594 13429,987131980586
-1027,0 -85394,0 -16973,484 13297,462016706195
-1027,0 -96406,0 -16686,632 12920,272768040779
-1027,0 -62526,0 -16571,918 12490,881216442498
-1027,0 -61560,0 -17152,018 12981,878794445582
-1027,0 -65993,0 -17937,462 13283,26020646121
-1027,0 -68051,0 -17608,716 13321,350878471147
-1027,0 -64564,0 -17446,736 12893,532407463203
-1027,0 -72062,0 -17344,114 13368,280565764768
-1027,0 -71800,0 -17790,132 13738,584816587763
-1027,0 -65907,0 -16739,672 12509,08416313584
-1027,0 -70996,0 -17068,492 12861,339306694928
-1027,0 -73496,0 -16073,362 12399,05074023637
-1027,0 -67795,0 -17217,348 13003,349444619875
-1027,0 -65963,0 -16779,294 13022,655216182451
-1027,0 -72544,0 -17340,74 12998,447450691954
-1027,0 -81888,0 -18459,888 13669,010823298666
-1027,0 -70736,0 -17444,82 12567,864786812432
-1027,0 -65805,0 -17442,362 12365,249164936222
-1027,0 -68869,0 -17545,664 12164,76303439997
-1027,0 -65743,0 -18051,87 13083,274325989663
-1027,0 -76621,0 -16948,33 12524,824867162819
-1027,0 -75944,0 -17513,566 14124,348775842507
-1027,0 -76976,0 -16821,456 12543,463638408015
-1027,0 -63739,0 -16849,748 12695,994018134068
-1027,0 -67499,0 -17869,748 13451,694437077287
-1027,0 -61413,0 -17155,536 12381,053219524743
-1027,0 -74406,0 -19472,664 13846,247346451099
-1027,0 -72249,0 -18437,352 13043,566523466503
-1027,0 -75339,0 -19505,142 13551,286605552843
-1027,0 -59367,0 -17583,56 13413,065363830896
-1027,0 -70997,0 -17827,63 13094,780097164676
-1027,0 -68011,0 -17691,702 13283,435275003076
-1027,0 -70946,0 -17462,6 12415,298303947446
-1027,0 -68740,0 -18293,488 13601,63605857236
-1027,0 -61005,0 -17300,924 12710,035077930508
-1027,0 -56434,0 -17630,432 11929,853659679819
-1027,0 -62983,0 -17407,268 12278,802625019098
-1027,0 -65437,0 -17185,27 12737,66012237334
-1027,0 -74492,0 -17403,162 13445,630810481009
-1027,0 -78520,0 -16670,632 13266,150438487268
-1027,0 -62776,0 -16022,486 12782,049815338842
-1027,0 -73011,0 -15251,816 11719,326321685216
-1027,0 -57063,0 -16803,48 12933,706949115549
-1027,0 -67088,0 -18084,694 13736,540221189765
-1027,0 -75471,0 -16977,322 13137,015321537692
-1027,0 -64688,0 -17343,614 13442,631551932232
-1027,0 -67282,0 -16692,946 12678,929359338032
-1027,0 -73171,0 -18079,516 13448,854688550397
-1027,0 -61731,0 -17181,422 12668,13229753763
-1027,0 -66063,0 -17533,38 13268,776370396781
-1027,0 -69429,0 -17017,58 13147,783904354377
-1027,0 -77052,0 -16678,358 12838,881524098431
-1027,0 -65083,0 -17151,532 12668,757972626052
-1027,0 -69600,0 -16976,888 13348,453311580934
-1027,0 -74193,0 -17265,316 12970,541622004224
-1027,0 -92523,0 -19035,868 14378,366311600772
-1027,0 -56478,0 -18027,22 12805,125588122906
-1027,0 -76801,0 -16949,752 12690,619450385233
-1027,0 -73327,0 -15985,706 12879,85977934403
-1027,0 -60141,0 -16481,536 12853,29209256149
-1027,0 -60569,0 -16139,548 12206,253539382833
-1027,0 -68573,0 -16183,636 13119,348299649027
-1027,0 -61472,0 -16827,4 12854,203679263854
-1027,0 -60073,0 -17108,526 12700,512966070468
-1027,0 -75473,0 -18444,236 14112,881279040934
-1027,0 -71826,0 -18436,188 13754,212452360043
-1027,0 -64481,0 -18636,372 13243,95374175008
-1027,0 -69190,0 -18454,682 13423,888594028042
-1027,0 -65263,0 -17868,742 13136,677023335691
-1027,0 -71556,0 -17929,902 12871,085710242003
-1027,0 -81114,0 -17815,528 13193,342516936944
-1027,0 -63978,0 -17939,792 12647,469147965374
-1027,0 -65110,0 -18834,366 13667,996556483475
-1027,0 -62438,0 -18433,42 13151,050743556576
-1027,0 -76659,0 -18582,196 13906,63264480601
-1027,0 -65454,0 -18652,538 13642,156211851401
-1027,0 -76161,0 -18723,968 13827,99087615319
-1027,0 -70921,0 -19125,67 14196,72172457782
-1027,0 -69852,0 -19171,172 14668,522899270261
-1027,0 -63343,0 -18539,648 12988,516788613544
-1027,0 -77441,0 -18561,226 14022,496219536803
-1027,0 -91051,0 -18279,828 13118,878246192242
-1027,0 -71377,0 -19397,926 13751,232077182172
-1027,0 -75678,0 -18371,562 13616,24310043545
-1027,0 -75494,0 -18472,334 13141,93220475756
-1027,0 -87127,0 -19097,676 13373,23357692611
-1027,0 -67507,0 -18437,018 13420,122381620664
-1027,0 -67585,0 -17398,348 12969,354595772911
-1027,0 -56950,0 -17018,164 11926,628965852173
-1027,0 -67632,0 -17010,068 12585,665671841756
-1027,0 -66714,0 -18228,084 12225,796261223397
-1027,0 -71970,0 -17721,614 12681,362292317177
-1027,0 -72699,0 -18558,16 13550,795766389521
-1027,0 -91627,0 -18508,232 13693,811457960708
-1027,0 -66391,0 -18056,042 12807,405805557813
-1027,0 -66606,0 -18573,252 13390,835327659583
-1027,0 -66014,0 -18444,284 13124,082829491132
-1027,0 -68220,0 -19411,896 13372,627024529784
-1027,0 -67490,0 -18982,018 14240,289221981275
-1027,0 -71478,0 -18080,22 13467,530260578591
-1027,0 -65302,0 -18598,328 14011,563508631574
-1027,0 -79330,0 -17853,752 13670,147330241029
-1027,0 -71727,0 -18493,396 12966,563396026877
-1027,0 -78484,0 -18428,83 13790,741976307872
-1027,0 -74304,0 -17229,65 13137,512704903482
-1027,0 -62253,0 -17024,514 12251,723115456203
-1027,0 -65109,0 -17543,28 13266,93675682522
-1027,0 -70789,0 -17089,552 13333,688774802571
-1027,0 -69885,0 -16117,832 12817,750098350964
-1027,0 -58371,0 -16630,53 12425,152644901389
-1027,0 -71930,0 -17637,542 12941,851395539821
-1027,0 -68649,0 -17522,776 13152,734806488881
-1027,0 -73012,0 -17620,696 13062,8185195839
-1027,0 -78015,0 -17335,21 13155,381297929
-1027,0 -68737,0 -17264,212 12959,110815293465
-1027,0 -75105,0 -17574,124 13028,59945307338
-1027,0 -65562,0 -18321,032 13640,611456051964
-1027,0 -65025,0 -17535,882 13006,47654932249
-1027,0 -59805,0 -16447,324 12448,763275724385
-1027,0 -79212,0 -18047,902 13836,019905030349
-1027,0 -73982,0 -17518,95 13242,543760452503
-1027,0 -64617,0 -16534,27 12472,763680640315
-1027,0 -68529,0 -17063,882 12554,710972701678
-1027,0 -64219,0 -18233,702 13867,557845316385
-1027,0 -64312,0 -18523,586 12634,59637956845
-1027,0 -68823,0 -18923,724 13105,341601187816
-1027,0 -67275,0 -18830,884 13755,53020637678
-1027,0 -62223,0 -18555,7 12541,162158189318
-1027,0 -65647,0 -18772,352 13610,687096399502
-1027,0 -60645,0 -17903,772 12732,76856100102
-1027,0 -61529,0 -18237,132 12570,983627806378
-1027,0 -71845,0 -19465,148 13251,573041193864
-1027,0 -69595,0 -19048,578 12497,355609564616
-1027,0 -69614,0 -19423,024 13300,894659060494
-1027,0 -75671,0 -18919,152 12925,854472370323
-1027,0 -67209,0 -19376,166 12724,896996457137
-1027,0 -61437,0 -19125,656 12462,10186082845
-1027,0 -67593,0 -18665,34 12811,415749104386
-1027,0 -75192,0 -19345,666 13566,364239782297
-1027,0 -78759,0 -19530,778 13435,428515857471
-1027,0 -60649,0 -18601,508 13038,360975288888
-1027,0 -70743,0 -19564,576 13719,779825938316
-1027,0 -80211,0 -19714,034 13646,31590506552
-1027,0 -81143,0 -20886,954 13982,6287112218
-1027,0 -71792,0 -19817,852 13778,795100664498
-1027,0 -71303,0 -18704,624 13245,150130467528
-1027,0 -62361,0 -18225,75 12391,734238576133
-1027,0 -68104,0 -19314,28 13532,371692855622
-1027,0 -65268,0 -18850,444 12729,486765728778
-1027,0 -71149,0 -19138,06 13135,346445084724
-1027,0 -73121,0 -19349,22 13635,153831607475
-1027,0 -83095,0 -19033,188 13553,816442930607
-1027,0 -61696,0 -18384,196 13079,052706889135
-1027,0 -68022,0 -18449,978 13905,522817841702
-1027,0 -74115,0 -17547,53 13002,660716987892
-1027,0 -62367,0 -18449,28 13754,106593217899
-1027,0 -69224,0 -18878,32 14792,482201767221
-1027,0 -76502,0 -17611,234 14202,056189694642
-1027,0 -63614,0 -17566,652 12810,78521929456
-1027,0 -58626,0 -16796,856 12054,621806728901
-1027,0 -63193,0 -18713,748 13156,578123376003
-1027,0 -73848,0 -19507,808 12999,533548213803
-1027,0 -63673,0 -19254,906 13412,256366218331
-1027,0 -68367,0 -18291,694 13021,568536100562
-1027,0 -71786,0 -19289,7 14214,665489064439
-1027,0 -67818,0 -19064,662 13694,660575412448
-1027,0 -62613,0 -18464,866 12434,783606482428
-1027,0 -65280,0 -19519,016 13452,798236193987
-1027,0 -69590,0 -19409,692 12981,586744660153
-1027,0 -63109,0 -20685,336 13911,041248846333
-1027,0 -84999,0 -19150,082 13305,364207088654
-1027,0 -74118,0 -17692,98 12716,598526005293
-1027,0 -64163,0 -17092,808 12301,365853885338
-1027,0 -66820,0 -17976,242 13267,82460509016
-1027,0 -58640,0 -17619,094 13046,912046042304
-1027,0 -71332,0 -17035,962 13399,464292894558
-1027,0 -59281,0 -16633,002 12511,209727040628
-1027,0 -73226,0 -17896,354 13034,11849311966
-1027,0 -62871,0 -18230,16 13399,788629317996
-1027,0 -71985,0 -18838,424 13174,809767439672
-1027,0 -77940,0 -18625,65 13731,85946139489
-1027,0 -62703,0 -17608,81 13101,951358553433
-1027,0 -67728,0 -18408,86 13018,274468930205
-1027,0 -68697,0 -18848,688 13313,03444969087
-1027,0 -66392,0 -18002,324 12644,755032464016
-1027,0 -67093,0 -17651,708 12683,046436670322
-1027,0 -68033,0 -17354,672 13161,951382390678
-1027,0 -68767,0 -17195,824 12784,04909866291
-1027,0 -65371,0 -17534,742 12908,92928028641
-1027,0 -71327,0 -16904,49 12542,06577681285
-1027,0 -65924,0 -18561,184 13438,562632296054
-1027,0 -73309,0 -18101,778 12760,70486692314
-1027,0 -80174,0 -17552,94 13352,338240637855
-1027,0 -73419,0 -17772,41 13123,427257766925
-1027,0 -68024,0 -16522,212 12324,721325655037
-1027,0 -80386,0 -18038,744 13514,492228806235
-1027,0 -71213,0 -18185,984 13635,337729141287
-1027,0 -67537,0 -18036,12 13438,942022704017
-1027,0 -64846,0 -16820,34 11885,803948761735
-1027,0 -64712,0 -17948,074 12522,787797632127
-1027,0 -60744,0 -17912,386 12877,969277840508
-1027,0 -64966,0 -18893,062 13438,204098396329
-1027,0 -67445,0 -17784,856 12531,514520251098
-1027,0 -65165,0 -17564,29 12662,271501981792
-1027,0 -69861,0 -17559,13 13187,51885447373
-1027,0 -64379,0 -16657,444 11851,393345715269
-1027,0 -64624,0 -18387,838 13290,45033306833
-1027,0 -70163,0 -18847,004 13291,117932814532
-1027,0 -70458,0 -18208,328 13329,986738793694
-1027,0 -82242,0 -17195,162 13040,629301216874
-1027,0 -67497,0 -17450,428 12965,732600389996
-1027,0 -64191,0 -17415,108 13450,135833676028
-1027,0 -71266,0 -17895,412 14207,262236273955
-1027,0 -67658,0 -17133,926 13424,749265760009
-1027,0 -71995,0 -17300,43 13355,723919320135
-1027,0 -69642,0 -17245,164 12988,413570914034
-1027,0 -65141,0 -17916,276 13481,308378337168
-1027,0 -66001,0 -16632,334 12769,047254765877
-1027,0 -69896,0 -17131,188 14057,877953541069
-1027,0 -63937,0 -17297,766 13856,054882802826
-1027,0 -64108,0 -16663,434 13362,090916830488
-1027,0 -61057,0 -18022,326 13508,498030637009
-1027,0 -72408,0 -18244,698 13534,701933430086
-1027,0 -69624,0 -19160,32 13980,613234676079
-1027,0 -62981,0 -18093,452 12613,457203149972
-1027,0 -63048,0 -18435,196 13271,37805751852
-1027,0 -66095,0 -19199,166 13745,006729661647
-1027,0 -81947,0 -19381,704 13271,427567085007
-1027,0 -73835,0 -19413,482 13700,311028209397
-1027,0 -72932,0 -18786,104 13314,544198326277
-1027,0 -73147,0 -19702,68 13836,957769162986
-1027,0 -71053,0 -19406,472 13849,159954784827
-1027,0 -87928,0 -18985,75 13544,88263055461
-1027,0 -65019,0 -18653,112 13005,122785404836
-1027,0 -64558,0 -18709,544 13623,017964609164
-1027,0 -63781,0 -18340,616 12760,304511278093
-1027,0 -59698,0 -19120,668 12734,826726020892
-1027,0 -69594,0 -19074,474 13008,91035103724
-1027,0 -67759,0 -18281,186 12789,9298649916
-1027,0 -72904,0 -18893,886 13859,348187162483
-1027,0 -62303,0 -17352,71 12921,320538625296
-1027,0 -58666,0 -17562,25 12838,469845098363
-1027,0 -65510,0 -17111,288 13044,701551551729
-1027,0 -78016,0 -18189,916 13968,01156288697
-1027,0 -79714,0 -16834,794 12404,986412066888
-1027,0 -63871,0 -17856,012 13159,967001168963
-1027,0 -59822,0 -17674,498 12859,129032792069
-1027,0 -68528,0 -17604,504 13612,586635095622
-1027,0 -62914,0 -17955,262 13612,378218862266
-1027,0 -63929,0 -17183,316 12594,974560837507
-1027,0 -55930,0 -16234,058 11685,101251364322
-1027,0 -68844,0 -16899,152 12755,227632186577
-1027,0 -72635,0 -17718,496 12948,055254206482
-1027,0 -70303,0 -17992,462 13884,497827597363
-1027,0 -61980,0 -17377,446 13354,716305001906
-1027,0 -70972,0 -17009,196 12671,231528844542
-1027,0 -62332,0 -16843,594 12919,14914153265
-1027,0 -67596,0 -17806,288 13519,726387655044
-1027,0 -67407,0 -17068,812 12393,261512800254
-1027,0 -71408,0 -18122,172 13598,539320177595
-1027,0 -62891,0 -18055,116 13769,42773562299
-1027,0 -78172,0 -17347,412 13685,022388226334
-1027,0 -75650,0 -17138,342 13021,014523647373
-1027,0 -71725,0 -17693,37 13050,279867998997
-1027,0 -61053,0 -17633,058 13096,454952185954
-1027,0 -66688,0 -18316,45 13518,361208352871
-1027,0 -66875,0 -18649,03 13774,19144621926
-1027,0 -73552,0 -18475,39 13786,090504631837
-1027,0 -71921,0 -18174,758 13094,245496378775
-1027,0 -67699,0 -18207,216 13479,201296714287
-1027,0 -72802,0 -18575,218 13780,920823605218
-1027,0 -78618,0 -18234,33 13510,093318149216
-1027,0 -63134,0 -17598,712 13051,882597581696
-1027,0 -70564,0 -18597,842 14201,582855338198
-1027,0 -74731,0 -16694,076 12695,457409413179
-1027,0 -64336,0 -17476,248 13788,14641822808
-1027,0 -74069,0 -16433,722 12875,9701174209
-1027,0 -63872,0 -16829,674 13085,685170434293
-1027,0 -63188,0 -17458,83 13346,467699473898
-1027,0 -62111,0 -17800,242 12894,914356421143
-1027,0 -64327,0 -17013,75 12892,041972918798
-1027,0 -68665,0 -18155,482 14052,435853675892
-1027,0 -79097,0 -17829,862 13790,53890284771
-1027,0 -70326,0 -17858,498 13595,929128897227
-1027,0 -70832,0 -18358,534 13677,127607244298
-1027,0 -70213,0 -17073,574 12964,570348010917
-1027,0 -67914,0 -17004,828 12443,318433537575
-1027,0 -62550,0 -18738,166 13605,911954383795
-1027,0 -78294,0 -18190,424 13796,608536021597
-1027,0 -67372,0 -16804,628 13195,816821008688
-1027,0 -58636,0 -16993,322 12662,356276867116
-1027,0 -69788,0 -17678,236 13433,709718923661
-1027,0 -72867,0 -18948,586 14159,191469805188
-1027,0 -63287,0 -17095,448 12119,746257875866
-1027,0 -67782,0 -18202,13 13174,168884339535
-1027,0 -63937,0 -17784,272 12499,104825627164
-1027,0 -74556,0 -18208,298 13207,053962227761
-1027,0 -67470,0 -18484,704 13540,096850775624
-1027,0 -74378,0 -19588,2 14270,520243354818
-1027,0 -62350,0 -17696,128 12541,632218639485
-1027,0 -68603,0 -18164,82 13579,45144369242
-1027,0 -82283,0 -18759,68 13680,74385980528
-1027,0 -71074,0 -17345,442 13025,927784485679
-1027,0 -68150,0 -17316,486 13243,86443051287
-1027,0 -58729,0 -16082,26 12018,499632666304
-1027,0 -63150,0 -16558,118 12661,155167048386
-1027,0 -65956,0 -17017,278 13271,918562013403
-1027,0 -67544,0 -16753,842 13123,979485698535
-1027,0 -61922,0 -17091,89 13005,46117590223
-1027,0 -61759,0 -17348,914 13264,227206535785
-1027,0 -65365,0 -17664,982 13563,191276453936
-1027,0 -60708,0 -16740,996 12063,381246233741
-1027,0 -70262,0 -17552,878 12784,747828374091
-1027,0 -75601,0 -16979,83 13371,329314361386
-1027,0 -75218,0 -15985,976 12848,359532151328
-1027,0 -70502,0 -15701,894 12513,503177878058
-1027,0 -66085,0 -15390,776 11954,861583214753
-1027,0 -67513,0 -16568,416 12687,093658633721
-1027,0 -57962,0 -16405,488 12565,643303303501
-1027,0 -68811,0 -16398,53 12821,726081659206
-1027,0 -62419,0 -16280,644 12466,826271560212
-1027,0 -91033,0 -16791,912 13386,667472386693
-1027,0 -66793,0 -16637,556 13431,75996163064
-1027,0 -66657,0 -16928,762 13020,760437138695
-1027,0 -63859,0 -16930,99 13382,246815310946
-1027,0 -66951,0 -16191,344 12769,782043624076
-1027,0 -82476,0 -16464,162 13310,17742735821
-1027,0 -59662,0 -16849,65 12253,5822184168
-1027,0 -71104,0 -18065,124 13518,372023310498
-1027,0 -74177,0 -18455,652 13689,081465273563
-1027,0 -70998,0 -18304,558 13883,910079751882
-1027,0 -67639,0 -18417,548 13296,444753079524
-1027,0 -75129,0 -17748,318 13292,640671020788
-1027,0 -72726,0 -18779,096 13630,675071278893
-1027,0 -67129,0 -18295,43 13191,102948620328
-1027,0 -77944,0 -18804,826 13992,232375133133
-1027,0 -63217,0 -19611,992 13842,712942625662
-1027,0 -69401,0 -18808,858 13391,129737473082
-1027,0 -82462,0 -18438,676 12883,46424712794
-1027,0 -66551,0 -18763,478 13036,748242315492
-1027,0 -73027,0 -18734,858 13166,402647718014
-1027,0 -70163,0 -18649,74 12916,79913416633
-1027,0 -71155,0 -17658,978 12555,528625809262
-1027,0 -71524,0 -19050,988 13090,049831374055
-1027,0 -99006,0 -18219,588 12949,151711454157
-1027,0 -71324,0 -18571,986 13137,111564944702
-1027,0 -65367,0 -17028,35 11946,432614613463
-1027,0 -62986,0 -17914,12 13048,890342155531
-1027,0 -71355,0 -17333,188 13016,565357906671
-1027,0 -60224,0 -17745,096 12773,78167586968
-1027,0 -80429,0 -17342,754 13190,494639909597
-1027,0 -62287,0 -16971,38 12637,878006516767
-1027,0 -61958,0 -16848,638 12744,7055738042
-1027,0 -67021,0 -18444,774 13222,459082293426
-1027,0 -70417,0 -18423,776 13105,1583806463
-1027,0 -66211,0 -18258,83 14146,077949774633
-1027,0 -68490,0 -18153,328 13680,065455998962
-1027,0 -59044,0 -18471,11 13509,502705647612
-1027,0 -67155,0 -17210,558 12350,220913596488
-1027,0 -65094,0 -17706,87 13055,666927778911
-1027,0 -64557,0 -17981,358 12961,074563084501
-1027,0 -74737,0 -18416,948 13391,328232453116
-1027,0 -65413,0 -18617,734 12590,19369712968
-1027,0 -64124,0 -18836,718 13606,682209652585
-1027,0 -64933,0 -17641,03 12811,409657687956
-1027,0 -56868,0 -16928,724 12594,761303169815
-1027,0 -63647,0 -16730,634 12987,14105613872
-1027,0 -63700,0 -15875,794 12759,366872363375
-1027,0 -64920,0 -15753,948 12419,911911172956
-1027,0 -69091,0 -16482,268 12707,462465031167
-1027,0 -63779,0 -16179,552 12519,045463904027
-1027,0 -52818,0 -15588,054 11628,48187508086
-1027,0 -74021,0 -17265,468 13254,103624499694
-1027,0 -66446,0 -17917,826 13216,949522629047
-1027,0 -62103,0 -17222,55 12758,716405951645
-1027,0 -67789,0 -17087,12 12692,458488157452
-1027,0 -60082,0 -17031,33 12853,348676555066
-1027,0 -59786,0 -16555,984 12061,166307938214
-1027,0 -66753,0 -16897,712 13017,578757090585
-1027,0 -62886,0 -16865,554 12873,849595015627
-1027,0 -62427,0 -16735,588 12279,927656067684
-1027,0 -62365,0 -16679,286 12892,273540698861
-1027,0 -67218,0 -16643,63 12836,928427357534
-1027,0 -83907,0 -15623,638 13099,95363575597
-1027,0 -67372,0 -17000,632 13461,481147057184
-1027,0 -60750,0 -17089,634 12503,894107518829
-1027,0 -70954,0 -17273,772 12709,332391436463
-1027,0 -64384,0 -16863,166 12434,057469967076
-1027,0 -73994,0 -18515,47 13549,374255112309
-1027,0 -61831,0 -18180,144 12597,32026818656
-1027,0 -64573,0 -17517,568 12659,10810513031
-1027,0 -65202,0 -18205,668 13339,364557645766
-1027,0 -68135,0 -19125,048 14367,233824564006
-1027,0 -68466,0 -18024,842 13029,91186773863
-1027,0 -62074,0 -17755,464 12857,831850071147
-1027,0 -63056,0 -17715,024 12710,196562108074
-1027,0 -74871,0 -16502,142 12994,601478069111
-1027,0 -74785,0 -17009,864 13184,683184419107
-1027,0 -70925,0 -17391,702 13273,423780366393
-1027,0 -87249,0 -17326,298 14042,804677883827
-1027,0 -64942,0 -16343,378 12122,21051504699
-1027,0 -72115,0 -16883,534 13210,324522616544
-1027,0 -73025,0 -16589,92 13071,130184249569
-1027,0 -65540,0 -18163,678 13836,686711720982
-1027,0 -66651,0 -18281,494 13368,321605869754
-1027,0 -68486,0 -17481,484 13163,33227331681
-1027,0 -63828,0 -17896,682 13442,756409936012
-1027,0 -69105,0 -18265,064 13499,046632851663
-1027,0 -67501,0 -19134,042 14056,638118278357
-1027,0 -68113,0 -18900,756 13508,649432288334
-1027,0 -86620,0 -18651,252 13417,726908999752
-1027,0 -72607,0 -18907,05 13481,759663467516
-1027,0 -70228,0 -17612,512 13321,073975842037
-1027,0 -71698,0 -17128,138 12554,37953381034
-1027,0 -65360,0 -17650,0 12620,033383157115
-1027,0 -77791,0 -18249,8 13599,196446261069
-1027,0 -66070,0 -18086,784 13026,153126435454
-1027,0 -65220,0 -18877,53 13634,517507015044
-1027,0 -72597,0 -18474,098 12959,304222233386
-1027,0 -66065,0 -19300,502 13740,373369526611
-1027,0 -66838,0 -18184,83 13051,88777599241
-1027,0 -68873,0 -18051,054 13204,34609979168
-1027,0 -64589,0 -17397,716 12424,275596079795
-1027,0 -67818,0 -17467,89 12903,975299801994
-1027,0 -68372,0 -18065,526 12672,497111355913
-1027,0 -66956,0 -17962,372 13282,634252045642
-1027,0 -70290,0 -17657,102 13619,787148101695
-1027,0 -68917,0 -17505,108 13299,96187845424
-1027,0 -61447,0 -17364,114 13469,316497617989
-1027,0 -78881,0 -16146,55 12771,706104804472
-1027,0 -70695,0 -16547,404 12874,334766378573
-1027,0 -63452,0 -15842,67 11770,283539707107
-1027,0 -61844,0 -16343,424 12392,98820802408
-1027,0 -70484,0 -16835,898 13898,94302497841
-1027,0 -66499,0 -16682,248 12866,589245891695
-1027,0 -68028,0 -17330,582 13262,085899709586
-1027,0 -57396,0 -16853,018 13308,91276121667
-1027,0 -74480,0 -15759,058 12646,156467742918
-1027,0 -67497,0 -15953,892 12470,272587090307
-1027,0 -68190,0 -16397,282 12503,791963179654
-1027,0 -79443,0 -17171,958 13846,005025285665
-1027,0 -61773,0 -16925,81 12665,575940078685
-1027,0 -71944,0 -17106,784 12588,884543490898
-1027,0 -64700,0 -17446,124 13079,046197816717
-1027,0 -57496,0 -17045,366 12184,292255689044
-1027,0 -65673,0 -16361,81 12201,284371487289
-1027,0 -67976,0 -16645,69 12218,864973061127
-1027,0 -64584,0 -17808,836 13706,618643454849
-1027,0 -68201,0 -18065,726 13649,931891951843
-1027,0 -64330,0 -17782,64 12148,288471319735
-1027,0 -65886,0 -18814,616 13733,566434416955
-1027,0 -65864,0 -18451,434 12617,102060998159
-1027,0 -71738,0 -17884,396 12944,44541566706
-1027,0 -59859,0 -17915,348 12587,154655238655
-1027,0 -78649,0 -18533,28 13143,004975940623
-1027,0 -75870,0 -18627,304 13864,919279374979
-1027,0 -74101,0 -18305,912 13070,68680491794
-1027,0 -67558,0 -17163,182 12671,24186892808
-1027,0 -87966,0 -17222,512 12579,132230080737
-1027,0 -59223,0 -17274,238 12157,787066952444
-1027,0 -66819,0 -18333,312 13426,350739745181
-1027,0 -76192,0 -16776,318 12459,263082416865
-1027,0 -66425,0 -16648,214 12455,278768626733
-1027,0 -59205,0 -17549,458 12575,669310865163
-1027,0 -71018,0 -17873,064 13481,763980277348
-1027,0 -68573,0 -17640,352 12802,947735271591
-1027,0 -61547,0 -18026,652 12964,068946086953
-1027,0 -68204,0 -17727,5 12942,661163222963
-1027,0 -76587,0 -17490,686 12986,107403814438
-1027,0 -64271,0 -17468,504 13386,797125451038
-1027,0 -63554,0 -16783,288 12956,205764229593
-1027,0 -76398,0 -15798,592 12500,677308431574
-1027,0 -60301,0 -17082,122 12988,392417351575
-1027,0 -66603,0 -16961,048 13304,582744516869
-1027,0 -65158,0 -15337,606 11939,788168588422
-1027,0 -77214,0 -16642,594 12985,374882272907
-1027,0 -72191,0 -17199,644 12972,69214747902
-1027,0 -66109,0 -16954,638 13358,196107519758
-1027,0 -71872,0 -17701,246 13700,44218021754
-1027,0 -68456,0 -16324,18 12851,338417752453
-1027,0 -75627,0 -15694,758 12670,689835341878
-1027,0 -63256,0 -16157,914 12053,30492929653
-1027,0 -70182,0 -16947,13 13414,156857331734
-1027,0 -65338,0 -17799,546 12627,436465248362
-1027,0 -72065,0 -17914,112 13320,498703556716
-1027,0 -77625,0 -18090,228 13475,252284095312
-1027,0 -61027,0 -15542,974 11953,32381696924
-1027,0 -61373,0 -15998,014 12425,086818119382
-1027,0 -77477,0 -17059,246 13065,149393309066
-1027,0 -77428,0 -16488,75 12833,236150538958
-1027,0 -62204,0 -16795,824 12822,636534855996
-1027,0 -72720,0 -17684,694 13530,873956414047
-1027,0 -67492,0 -17878,378 13010,452308014355
-1027,0 -72176,0 -18581,022 13875,157922615366
-1027,0 -63817,0 -17887,48 13125,412937565048
-1027,0 -78415,0 -17240,666 12987,421698645352
-1027,0 -67501,0 -18316,668 13121,286899148881
-1027,0 -68124,0 -18304,236 13227,762124573605
-1027,0 -74480,0 -18067,35 13319,01668545769
-1027,0 -73452,0 -18187,992 13406,414524843545
-1027,0 -59430,0 -17925,398 12098,962152002794
-1027,0 -62754,0 -19770,236 13443,392250927734
-1027,0 -71137,0 -19648,818 13299,859738691835
-1027,0 -71428,0 -20162,706 13816,83986414998
-1027,0 -75733,0 -18677,67 13123,95748214311
-1027,0 -67378,0 -18211,28 12362,99006007851
-1027,0 -71381,0 -19009,254 13714,624507491417
-1027,0 -75973,0 -18668,644 13254,850320741614
-1027,0 -61341,0 -18088,57 12770,106988161839
-1027,0 -68223,0 -19435,034 13815,239667441323
-1027,0 -76572,0 -18721,374 13027,380725461437
-1027,0 -74347,0 -18720,434 13305,24364082237
-1027,0 -64930,0 -19176,968 13400,689502222487
-1027,0 -64338,0 -18484,092 12784,043360984659
-1027,0 -72384,0 -19123,774 13514,19274137098
-1027,0 -82901,0 -18854,06 13484,561383167054
-1027,0 -73250,0 -18451,758 13296,812414990143
-1027,0 -75548,0 -19683,33 13985,298785978794
-1027,0 -65065,0 -18003,06 12004,911611019881
-1027,0 -66793,0 -17879,428 12666,622555078211
-1027,0 -68135,0 -19116,02 13429,18438087733
-1027,0 -64790,0 -18825,368 13019,034366517975
-1027,0 -79267,0 -19240,994 13132,6468560593
-1027,0 -71670,0 -19021,036 13251,681944821346
-1027,0 -70292,0 -20041,848 13533,278088064844
-1027,0 -76904,0 -19386,794 12985,701888907046
-1027,0 -69046,0 -19225,424 13992,640294963065
-1027,0 -76811,0 -19762,214 14418,719083060187
-1027,0 -77093,0 -18645,064 14062,713060142554
-1027,0 -64488,0 -18188,202 13211,102132872787
-1027,0 -70718,0 -17804,982 13373,048366684234
-1027,0 -69565,0 -17411,812 12844,339154843894
-1027,0 -65228,0 -18066,088 13521,93237700352
-1027,0 -76526,0 -17841,334 13996,600769988549
-1027,0 -73383,0 -16669,136 12604,104323652038
-1027,0 -66777,0 -16600,522 12704,990222173179
-1027,0 -69778,0 -17465,22 13030,111039572923
-1027,0 -67788,0 -17909,558 13172,062109883775
-1027,0 -77240,0 -17041,042 13088,667896934203
-1027,0 -83106,0 -17481,538 13493,967745053931
-1027,0 -73507,0 -16689,728 12833,262091846174
-1027,0 -63146,0 -17474,622 13433,318516402267
-1027,0 -60390,0 -16514,988 12219,438766156814
-1027,0 -64572,0 -17052,894 13389,114160644234
-1027,0 -82736,0 -16727,468 13697,020227223737
-1027,0 -73793,0 -16289,284 13110,381942237385
-1027,0 -66677,0 -17365,64 13082,096112565448
-1027,0 -69535,0 -17533,238 13232,615381751104
-1027,0 -65299,0 -17130,052 12812,249636862995
-1027,0 -72234,0 -18115,95 13554,29560897576
-1027,0 -69194,0 -18620,91 13524,305122330681
-1027,0 -81921,0 -18714,604 13531,360994637009
-1027,0 -69769,0 -17762,964 13003,775532771384
-1027,0 -74140,0 -18474,784 13746,401103465012
-1027,0 -74602,0 -18129,59 13742,246544939439
-1027,0 -66242,0 -17665,96 13419,028262523334
-1027,0 -63654,0 -16300,946 12428,146065084851
-1027,0 -63502,0 -15836,356 12257,745778130004
-1027,0 -71604,0 -17923,162 13507,245747218632
-1027,0 -85034,0 -18741,364 14296,211862010996
-1027,0 -65787,0 -18020,916 13168,878413021512
-1027,0 -60558,0 -17889,594 13321,01100416797
-1027,0 -65630,0 -17849,11 12723,238092164274
-1027,0 -74447,0 -17641,304 12638,808556489168
-1027,0 -66760,0 -18019,634 13270,090775275208
-1027,0 -65685,0 -17740,362 12468,678538921278
-1027,0 -59936,0 -17571,786 12160,639377935851
-1027,0 -72674,0 -18348,226 13351,310383438917
-1027,0 -56274,0 -18396,484 13226,73753945938
-1027,0 -74123,0 -19205,208 13607,047716265863
-1027,0 -82573,0 -18645,246 13691,581698309516
-1027,0 -71445,0 -17137,778 12585,694639260711
-1027,0 -67808,0 -17285,394 12420,219136020274
-1027,0 -62914,0 -18304,564 13442,658682191703
-1027,0 -71547,0 -18558,384 13059,241050250355
-1027,0 -76254,0 -19065,714 13946,784646369357
-1027,0 -78316,0 -18281,118 12898,113262026965
-1027,0 -63615,0 -18819,93 13373,475771283238
-1027,0 -62313,0 -18759,548 12823,22571132927
-1027,0 -79501,0 -20155,968 13577,400766088338
-1027,0 -72508,0 -19377,924 13059,499164141933
-1027,0 -66691,0 -19704,48 13625,450564498771
-1027,0 -71938,0 -18508,888 13472,25845801126
-1027,0 -65127,0 -18928,698 12805,678149430274
-1027,0 -77106,0 -19380,194 13575,707716666706
-1027,0 -63548,0 -18642,956 13045,454280095577
-1027,0 -81058,0 -19012,868 13638,20743377135
-1027,0 -70579,0 -18530,648 13718,310177426963
-1027,0 -78862,0 -18662,828 13561,73795936258
-1027,0 -69458,0 -18951,372 13801,364187703199
-1027,0 -72984,0 -18568,19 13301,355230874027
-1027,0 -63481,0 -17955,54 12707,34972700445
-1027,0 -75166,0 -18063,532 13396,366927826959
-1027,0 -63896,0 -18065,764 12933,407690330649
-1027,0 -64488,0 -17466,248 12718,303719226717
-1027,0 -69433,0 -18170,028 13430,490623473734
-1027,0 -70726,0 -17544,762 13615,972529546167
-1027,0 -67436,0 -17142,696 12863,067268407794
-1027,0 -63635,0 -18174,648 13620,581791982895
-1027,0 -57068,0 -18110,63 13038,752141409084
-1027,0 -71107,0 -18202,622 13550,445908940274
-1027,0 -69682,0 -17526,494 13671,288283331745
-1027,0 -73038,0 -17530,858 13418,362555760517
-1027,0 -73532,0 -17903,46 13281,249396062107
-1027,0 -66930,0 -19058,602 14018,551499195491
-1027,0 -68738,0 -19019,83 13357,738821713056
-1027,0 -58082,0 -17777,436 12679,834882280758
-1027,0 -63406,0 -18522,876 13741,312904981965
-1027,0 -66059,0 -18883,562 13728,075062373313
-1027,0 -63873,0 -17352,932 12452,97771600737
-1027,0 -65074,0 -17680,084 12877,38440355587
-1027,0 -63510,0 -18451,368 13043,303202202116
-1027,0 -72471,0 -17857,248 13190,566445247761
-1027,0 -63668,0 -17255,692 13633,983102568967
-1027,0 -73859,0 -17054,05 13026,103806415014
-1027,0 -84111,0 -17617,282 13007,890535151195
-1027,0 -71948,0 -16739,014 12728,880013803415
-1027,0 -57957,0 -16692,382 12579,271018786254
-1027,0 -81735,0 -17553,626 13448,673705690238
-1027,0 -81336,0 -19119,884 14552,239551304263
-1027,0 -76905,0 -18238,798 13793,895712422795
-1027,0 -66771,0 -18509,97 13237,230391630263
-1027,0 -65973,0 -18074,674 12799,364486556506
-1027,0 -80485,0 -18698,326 13882,261133681508
-1027,0 -62058,0 -17583,31 12348,19997448617
-1027,0 -60558,0 -17568,446 12957,298232080795
-1027,0 -63577,0 -18091,08 13286,00577380577
-1027,0 -65131,0 -18096,616 12769,650649118948
-1027,0 -64644,0 -19007,71 12754,241407386804
-1027,0 -73199,0 -18785,304 12636,054942250928
-1027,0 -70118,0 -18256,102 13203,115589571886
-1027,0 -66533,0 -19068,658 13230,969685591295
-1027,0 -64118,0 -18688,876 13550,576192643024
-1027,0 -65409,0 -18232,434 12447,888734465942
-1027,0 -66038,0 -18537,508 13103,6507902926
-1027,0 -76714,0 -18690,526 13393,029767656153
-1027,0 -68093,0 -17670,114 12981,22132378168
-1027,0 -60795,0 -16557,47 12241,253373454048
-1027,0 -71549,0 -17668,784 12672,494588412494
-1027,0 -69271,0 -17601,31 12735,379310169756
-1027,0 -60067,0 -18112,338 12663,253130525187
-1027,0 -66308,0 -18306,054 12616,60514017475
-1027,0 -64388,0 -18464,866 13003,387183808843
-1027,0 -71619,0 -18022,836 13121,592208459462
-1027,0 -67359,0 -17771,676 12565,14471269727
-1027,0 -74812,0 -19141,39 13604,870643776805
-1027,0 -83792,0 -19040,466 13074,992964619294
-1027,0 -64965,0 -19408,182 12830,07586465785
-1027,0 -70868,0 -19764,362 13034,806680996695
-1027,0 -70306,0 -20552,072 14001,36394751655
-1027,0 -73054,0 -20164,376 13856,254512768744
-1027,0 -69709,0 -19367,9 12510,920120358853
-1027,0 -80531,0 -20621,58 14580,621900714663
-1027,0 -81461,0 -19567,106 14555,52474776378
-1027,0 -65011,0 -18720,558 12769,491303361929
-1027,0 -63265,0 -18695,944 12954,820344291305
-1027,0 -73352,0 -19290,958 12985,59080104698
-1027,0 -73337,0 -20182,868 13726,23350240611
-1027,0 -65371,0 -18751,06 12996,737199174264
-1027,0 -66648,0 -19020,616 13020,922334325787
-1027,0 -70325,0 -19661,898 14185,665732407344
-1027,0 -70503,0 -19110,934 13416,01880460981
-1027,0 -69891,0 -18665,398 13461,318835522605
-1027,0 -58601,0 -18872,16 12918,742885683569
-1027,0 -71633,0 -19896,42 13401,200216980562
-1027,0 -72776,0 -18686,666 13624,693574625602
-1027,0 -65626,0 -19247,86 13349,178652051973
-1027,0 -65377,0 -20582,608 13682,97968259604
-1027,0 -79971,0 -19786,966 14068,207786382885
-1027,0 -64218,0 -18936,954 13188,46265581717
-1027,0 -72647,0 -19219,822 13324,827859687945
-1027,0 -69464,0 -18534,782 12514,503866413406
-1027,0 -67951,0 -18893,16 13040,596282931238
-1027,0 -75454,0 -19526,972 14093,690201051537
-1027,0 -63265,0 -18258,324 13395,333679271449
-1027,0 -64499,0 -18850,984 12306,268017548784
-1027,0 -77598,0 -18613,144 13081,337994382084
-1027,0 -66306,0 -18488,082 13162,398452534242
-1027,0 -62388,0 -18190,28 12661,403668851246
-1027,0 -63177,0 -17295,444 12407,14585643548
-1027,0 -66223,0 -18523,112 13684,366321005007
-1027,0 -67290,0 -18077,166 12887,001262607375
-1027,0 -68102,0 -17765,532 13000,616834018914
-1027,0 -67463,0 -17863,282 13540,861083641474
-1027,0 -64431,0 -17729,806 13296,605101316798
-1027,0 -64907,0 -16774,114 12735,726778201706
-1027,0 -63858,0 -16907,456 12589,430113077562
-1027,0 -59615,0 -17960,482 13871,531392808638
-1027,0 -76457,0 -16346,118 13108,798855428211
-1027,0 -65359,0 -17416,854 13200,402484192822
-1027,0 -77187,0 -17943,356 13871,234026764312
-1027,0 -56767,0 -16530,04 12623,46715694227
-1027,0 -64662,0 -17253,482 13870,204789031632
-1027,0 -66830,0 -16761,758 13342,343041888707
-1027,0 -78909,0 -17418,592 13827,818864070223
-1027,0 -66428,0 -17794,814 13955,260069787448
-1027,0 -60251,0 -17048,632 12935,630466141805
-1027,0 -63579,0 -16366,448 12556,22357826174
-1027,0 -67394,0 -16525,42 12835,584709533103
-1027,0 -62383,0 -15802,302 12350,26307099554
-1027,0 -63219,0 -15678,222 12710,822976688642
-1027,0 -75428,0 -15686,274 12632,658305634806
-1027,0 -66124,0 -16250,714 13583,05030249848
-1027,0 -62908,0 -16704,8 12721,15740394716
-1027,0 -65608,0 -16024,546 12582,227143073043
-1027,0 -71285,0 -16205,016 12665,501024426307
-1027,0 -71218,0 -16125,902 13008,62577109496
-1027,0 -62637,0 -16408,684 12520,327780699034
-1027,0 -80066,0 -17225,462 13595,407113601113
-1027,0 -66153,0 -16421,618 12987,988845855847
-1027,0 -64325,0 -16199,078 12563,649005122512
-1027,0 -57931,0 -17579,364 13699,905459801677
-1027,0 -65968,0 -18379,44 14264,231018964887
-1027,0 -66722,0 -16903,904 12934,082546929412
-1027,0 -62427,0 -17312,424 12456,250721313538
-1027,0 -68817,0 -18363,594 13587,604899361915
-1027,0 -76552,0 -18212,592 13659,923978907644
-1027,0 -65954,0 -16919,5 12393,572742918
-1027,0 -65276,0 -17220,386 13224,628843525403
-1027,0 -68745,0 -18985,084 13711,101731113515
-1027,0 -63954,0 -18624,904 13764,634307484663
-1027,0 -67761,0 -18373,694 13268,490204705427
-1027,0 -74947,0 -18031,656 12710,704881857024
-1027,0 -73230,0 -18345,134 13209,755794262204
-1027,0 -56540,0 -18124,288 12942,52665614624
-1027,0 -62144,0 -18525,444 13500,931932976484
-1027,0 -68211,0 -18686,824 12813,01908673456
-1027,0 -65662,0 -19194,574 13377,121799420232
-1027,0 -73878,0 -18848,042 13209,460798542683
-1027,0 -72300,0 -18665,15 13302,354492927188
-1027,0 -64618,0 -17406,002 12421,708614115694
-1027,0 -72037,0 -17917,866 13210,535842578229
-1027,0 -71794,0 -17838,912 13737,306031396987
-1027,0 -70181,0 -17292,206 12967,089294809532
-1027,0 -63355,0 -17429,688 13459,98719013715
-1027,0 -69553,0 -16614,076 12650,498861081485
-1027,0 -70684,0 -17231,204 14468,839144809921
-1027,0 -72191,0 -17513,748 14312,472603170147
-1027,0 -65363,0 -16031,464 12477,920580637783
-1027,0 -81048,0 -17248,034 13925,025191389923
-1027,0 -69102,0 -17182,478 13314,705757977383
-1027,0 -70517,0 -17314,786 12986,09856377981
-1027,0 -71908,0 -17678,756 14439,36696591869
-1027,0 -56610,0 -16542,714 11551,49937385636
-1027,0 -61284,0 -17667,356 12990,083563752163
-1027,0 -63823,0 -17672,874 13111,020697494305
-1027,0 -67472,0 -18265,02 12602,68359087064
-1027,0 -74231,0 -18507,292 13799,602446546638
-1027,0 -66703,0 -18518,592 13816,013466320019
-1027,0 -66789,0 -17623,856 13544,83196585561
-1027,0 -72236,0 -18145,084 13832,358365547932
-1027,0 -63499,0 -18068,792 13495,970027557703
-1027,0 -69063,0 -18857,554 13472,07772494963
-1027,0 -64939,0 -18009,572 12776,538087636107
-1027,0 -64223,0 -18703,216 13381,278298180036
-1027,0 -83152,0 -17839,646 13505,889175048198
-1027,0 -60760,0 -18535,936 12968,992188751763
-1027,0 -76010,0 -18822,358 13669,884379095382
-1027,0 -76173,0 -18063,948 13735,088806749522
-1027,0 -63196,0 -17887,64 13482,349510022354
-1027,0 -81149,0 -17526,824 13883,476403157252
-1027,0 -78865,0 -17482,998 13086,16358028571
-1027,0 -66371,0 -17716,39 13345,89980098382
-1027,0 -74234,0 -18062,564 12768,163701249448
-1027,0 -79163,0 -17974,764 13018,04684521853
-1027,0 -66361,0 -18185,03 13584,407528821414
-1027,0 -65976,0 -18857,808 14112,898263756319
-1027,0 -63743,0 -18932,41 14401,214893122733
-1027,0 -68893,0 -18115,528 13857,684256080307
-1027,0 -66881,0 -17358,822 13304,25839069265
-1027,0 -69732,0 -17059,296 12694,135429259602
-1027,0 -57150,0 -16445,138 12728,721491923527
-1027,0 -63588,0 -18307,546 13319,804074080224
-1027,0 -67576,0 -17854,21 12945,27189339413
-1027,0 -65744,0 -17047,068 12863,959734987362
-1027,0 -64457,0 -16448,556 13006,743738033127
-1027,0 -65268,0 -16304,136 12443,281875353621
-1027,0 -64201,0 -17218,218 13077,484755505393
-1027,0 -65353,0 -17683,96 13296,7400778687
-1027,0 -65434,0 -17458,09 13313,311299518986
-1027,0 -65803,0 -17295,328 13151,899432873413
-1027,0 -61048,0 -16746,818 12386,153368050791
-1027,0 -64358,0 -17313,678 12815,265261020391
-1027,0 -60698,0 -17277,534 12909,167056508484
-1027,0 -70400,0 -18028,512 13933,538936173247
-1027,0 -92056,0 -17105,402 13091,140790335878
-1027,0 -64300,0 -16634,226 13162,804822336462
-1027,0 -62979,0 -16793,814 12217,024607137539
-1027,0 -71155,0 -17829,074 13192,901041716492
-1027,0 -71524,0 -18006,668 13746,322957714032
-1027,0 -64288,0 -18406,412 13141,502187126705
-1027,0 -68799,0 -18613,838 13860,647516900359
-1027,0 -65637,0 -18207,556 13026,579782385865
-1027,0 -67267,0 -18026,214 13754,18888194444
-1027,0 -78527,0 -16854,26 13077,287072493287
-1027,0 -62008,0 -17092,936 12894,73401726084
-1027,0 -65185,0 -17107,936 12879,280866100553
-1027,0 -70228,0 -17278,948 13050,211355732748
-1027,0 -59066,0 -18194,296 13416,609636133267
-1027,0 -72390,0 -18153,774 13590,962575142501
-1027,0 -85184,0 -17870,318 13193,468842305118
-1027,0 -68612,0 -17617,224 13279,2032056831
-1027,0 -66126,0 -17483,652 13139,53225662527
-1027,0 -66282,0 -17143,932 12746,935164476836
-1027,0 -63506,0 -17623,844 12340,936455863637
-1027,0 -63579,0 -16976,464 12756,295167198985
-1027,0 -58156,0 -17371,712 12448,560229080953
-1027,0 -68909,0 -17998,5 13230,40418981975
-1027,0 -69896,0 -17462,854 12803,241930256727
-1027,0 -62971,0 -18208,556 12946,039064318633
-1027,0 -71311,0 -18590,286 13585,751612192977
-1027,0 -65367,0 -17435,026 13269,764526370616
-1027,0 -67257,0 -17709,242 12867,104549176398
-1027,0 -75022,0 -17017,576 13417,131181896673
-1027,0 -74580,0 -16694,72 12915,031518722672
-1027,0 -71246,0 -17855,732 13359,971639647145
-1027,0 -61448,0 -16578,64 12259,22807742804
-1027,0 -65206,0 -17791,578 12858,437415794964
-1027,0 -74407,0 -16603,614 13277,02124638671
-1027,0 -64253,0 -17055,884 12851,882098997956
-1027,0 -64632,0 -17140,008 12845,420276656427
-1027,0 -73357,0 -17867,338 13644,88970947571
-1027,0 -70966,0 -16553,202 13453,843048185005
-1027,0 -71220,0 -16419,976 12932,867936518343
-1027,0 -66249,0 -16946,134 12947,822763385506
-1027,0 -63616,0 -16821,666 12983,540430500616
-1027,0 -67869,0 -17010,718 13632,049815874203
-1027,0 -73835,0 -17393,366 13757,449407213679
-1027,0 -80512,0 -16210,186 13041,734095257578
-1027,0 -68924,0 -16566,238 13058,741800700254
-1027,0 -59223,0 -16870,382 12832,507905319053
-1027,0 -59795,0 -17032,886 12800,63800398261
-1027,0 -69196,0 -17227,598 13234,751982579655
-1027,0 -68090,0 -17351,898 13326,922442469453
-1027,0 -75644,0 -18007,404 12970,565079316479
-1027,0 -59038,0 -16348,678 12249,182364154596
-1027,0 -69968,0 -16341,51 12524,321272224692
-1027,0 -70077,0 -16489,616 12533,11517638547
-1027,0 -61894,0 -17534,74 13220,801862685943
-1027,0 -72984,0 -17864,74 13816,656647698823
-1027,0 -67809,0 -17021,328 13012,95562631395
-1027,0 -75135,0 -17034,304 13039,235860416984
-1027,0 -61629,0 -17590,012 13186,152991523184
-1027,0 -69214,0 -17452,662 13221,420846329489
-1027,0 -66071,0 -17141,62 13366,262034375946
-1027,0 -66941,0 -17704,192 13149,514890182683
-1027,0 -72739,0 -18339,062 13758,513615727385
-1027,0 -76984,0 -17908,282 13030,875600913236
-1027,0 -77762,0 -17949,026 13152,618785980389
-1027,0 -73041,0 -17436,112 13411,977476548936
-1027,0 -65700,0 -17647,594 13374,455747325346
-1027,0 -75194,0 -16867,25 13351,367505521674
-1027,0 -70465,0 -16628,942 12770,75764888818
-1027,0 -66807,0 -16843,182 12747,925076845875
-1027,0 -64684,0 -17430,746 13182,165970942866
-1027,0 -69783,0 -18424,754 13156,71879632167
-1027,0 -68722,0 -18068,08 13022,180658000418
-1027,0 -71272,0 -18063,636 13138,824901013944
-1027,0 -62670,0 -16920,752 12646,696249633578
-1027,0 -74752,0 -18262,026 13358,713301861226
-1027,0 -71057,0 -17238,904 12921,886573514865
-1027,0 -58653,0 -17424,68 12670,342123936513
-1027,0 -70527,0 -16823,468 12628,665510059882
-1027,0 -76417,0 -17704,79 13482,440175053622
-1027,0 -69359,0 -17687,424 12681,743532820075
-1027,0 -70661,0 -17724,908 13756,867858910913
-1027,0 -65094,0 -17073,244 13162,168823581616
-1027,0 -66798,0 -17671,442 13195,503507734587
-1027,0 -61980,0 -18247,34 13131,933872678459
-1027,0 -68591,0 -19021,966 13376,540167354338
-1027,0 -80113,0 -18492,036 12914,572473709835
-1027,0 -72774,0 -18577,544 13204,53697545143
-1027,0 -65629,0 -18799,934 12702,688774808428
-1027,0 -76220,0 -18782,16 13126,730618642254
-1027,0 -70575,0 -19005,918 13378,506347544026
-1027,0 -62896,0 -18638,7 12793,23328146562
-1027,0 -78113,0 -18417,83 12925,787580070324
-1027,0 -58401,0 -17807,658 12916,023610424218
-1027,0 -72326,0 -18213,566 13414,535604844617
-1027,0 -75179,0 -18624,644 13400,43632682399
-1027,0 -78404,0 -17873,838 13752,083544239986
-1027,0 -65724,0 -18036,674 13836,587801034035
-1027,0 -71783,0 -17179,912 13448,929511907485
-1027,0 -85363,0 -16696,856 12907,998587359083
-1027,0 -72698,0 -17887,156 13656,349082960063
-1027,0 -65550,0 -17328,924 12238,819809043023
-1027,0 -62317,0 -18036,074 13041,702028206448
-1027,0 -66654,0 -17036,048 12651,46223871755
-1027,0 -66201,0 -16841,402 12881,843648189337
-1027,0 -62294,0 -17090,588 12207,538196469259
-1027,0 -61312,0 -17145,424 12929,453319310296
-1027,0 -78188,0 -16184,116 12976,691138442964
-1027,0 -56302,0 -16353,112 11860,736609311243
-1027,0 -57767,0 -16928,454 11891,18299900745
-1027,0 -66451,0 -16791,864 12419,182508100277
-1027,0 -66166,0 -17322,074 12953,106991626528
-1027,0 -88612,0 -17042,83 12505,21094204732
-1027,0 -64565,0 -17568,142 13165,430606168416
-1027,0 -66567,0 -17516,288 12550,186894267994
-1027,0 -65232,0 -17479,594 12454,665931014126
-1027,0 -66503,0 -18140,45 13016,261048223476
-1027,0 -70377,0 -18187,444 12447,65486904517
-1027,0 -63876,0 -18233,52 12777,134813627046
-1027,0 -76771,0 -17716,642 13110,975771232135
-1027,0 -73294,0 -17823,48 12962,186114911325
-1027,0 -67393,0 -18528,316 13037,685919677004
-1027,0 -71869,0 -17705,712 12669,545708550717
-1027,0 -69436,0 -18226,598 13042,789291267269
-1027,0 -85587,0 -18468,854 13864,779723770727
-1027,0 -67434,0 -17940,364 13004,490315099023
-1027,0 -66321,0 -17704,406 13469,336097861848
-1027,0 -65649,0 -16610,69 12298,894570240855
-1027,0 -64355,0 -17795,248 12892,649400123159
-1027,0 -68223,0 -18350,5 13623,030632205157
-1027,0 -76507,0 -18170,89 13649,117963073659
-1027,0 -65531,0 -17346,402 12838,588311352467
-1027,0 -74274,0 -16351,22 12886,243083986892
-1027,0 -62777,0 -17092,374 12878,905427175243
-1027,0 -69812,0 -17816,73 13530,536172713184
-1027,0 -75929,0 -17424,472 12656,652978304177
-1027,0 -59489,0 -17208,37 12890,008830140503
-1027,0 -66806,0 -16715,604 13409,939538088309
-1027,0 -65180,0 -17263,518 13467,876827387305
-1027,0 -63126,0 -17490,716 12915,685665706793
-1027,0 -61872,0 -16671,802 12145,39561425629
-1027,0 -72530,0 -17987,096 13217,943120122134
-1027,0 -69963,0 -17708,692 12860,253688210665
-1027,0 -70589,0 -18766,776 13927,37311907109
-1027,0 -72337,0 -17697,482 13145,008476744168
-1027,0 -70759,0 -17025,534 12675,06172706248
-1027,0 -65276,0 -16044,992 11699,89495815822
-1027,0 -60680,0 -16671,892 12417,59286771538
-1027,0 -65312,0 -16271,752 12736,258053231182
-1027,0 -60053,0 -16994,85 13009,92813460168
-1027,0 -59285,0 -16677,204 12652,104106842626
-1027,0 -62809,0 -17282,542 13025,276307097523
-1027,0 -70027,0 -18058,228 13246,649137046541
-1027,0 -78914,0 -18351,68 14454,380725634697
-1027,0 -68913,0 -17718,924 13149,328222773363
-1027,0 -68259,0 -17624,904 13402,288009246182
-1027,0 -77301,0 -17054,27 12318,964694855646
-1027,0 -60491,0 -17586,878 12981,393677071654
-1027,0 -63016,0 -16511,848 12115,176052740468
-1027,0 -69797,0 -17072,978 12496,841118359313
-1027,0 -70297,0 -17960,726 13814,321171556863
-1027,0 -71237,0 -17192,884 13659,809390271303
-1027,0 -62072,0 -17201,658 12780,250595236237
-1027,0 -68036,0 -17451,684 13908,873954427228
-1027,0 -74419,0 -16300,466 13072,974594974326
-1027,0 -59357,0 -16853,46 12810,338053946902
-1027,0 -81432,0 -16172,462 13424,842826214246
-1027,0 -61999,0 -16219,952 13054,491022238137
-1027,0 -82639,0 -16257,142 13250,569492736378
-1027,0 -67625,0 -16508,43 12928,074484667079
-1027,0 -76884,0 -17460,4 13558,846078483233
-1027,0 -65863,0 -18474,274 13602,717794136724
-1027,0 -88640,0 -18478,93 13778,46629974105
-1027,0 -66743,0 -18715,726 13220,220150471177
-1027,0 -70836,0 -19136,424 12989,600491786654
-1027,0 -57200,0 -19263,172 12988,203936280639
-1027,0 -68985,0 -19177,598 14264,468635753528
-1027,0 -92309,0 -18529,088 13612,720841340133
-1027,0 -63220,0 -18577,992 12581,225650624667
-1027,0 -67201,0 -18679,038 13195,3211062314
-1027,0 -71962,0 -18141,598 13307,567710306643
-1027,0 -79429,0 -17535,672 13401,075253143534
-1027,0 -71254,0 -18500,442 13797,464564137712
-1027,0 -81802,0 -18157,494 13385,109677920613
-1027,0 -70237,0 -18211,518 13148,195063569603
-1027,0 -70245,0 -17162,668 12488,030220726407
-1027,0 -68314,0 -17978,258 13048,360156718387
-1027,0 -62809,0 -17875,092 12775,722764663295
-1027,0 -60229,0 -18144,282 12760,26990664681
-1027,0 -69451,0 -18988,402 13384,722537295876
-1027,0 -75033,0 -18673,69 12719,532507993365
-1027,0 -69077,0 -18235,47 13206,245937930282
-1027,0 -64582,0 -17514,888 12593,170142242028
-1027,0 -62116,0 -17523,922 12030,734955268363
-1027,0 -66952,0 -17544,56 12781,215240750786
-1027,0 -70843,0 -18898,49 13563,994329470206
-1027,0 -65820,0 -18936,414 13721,972402923859
-1027,0 -69129,0 -18261,896 13342,784508084655
-1027,0 -63018,0 -18797,302 13040,77177680815
-1027,0 -67633,0 -18733,544 12953,468734824042
-1027,0 -62562,0 -17637,852 12300,409572453107
-1027,0 -64333,0 -18985,498 13232,424721644787
-1027,0 -61480,0 -19513,298 13422,767059783013
-1027,0 -70555,0 -20004,796 13961,918155410602
-1027,0 -64355,0 -19133,724 13261,749797814164
-1027,0 -59298,0 -18280,912 12430,635508623684
-1027,0 -72714,0 -19162,372 13519,327195745213
-1027,0 -65294,0 -18326,848 12988,759234079904
-1027,0 -66308,0 -19050,694 13378,96480869742
-1027,0 -66347,0 -19408,918 12950,534242697326
-1027,0 -71060,0 -19294,554 12768,740849867852
-1027,0 -69053,0 -19486,906 13608,905430091134
-1027,0 -59983,0 -19078,2 13340,513766718272
-1027,0 -76330,0 -18461,328 13650,062688076425
-1027,0 -68167,0 -18569,368 12428,419079375133
-1027,0 -71797,0 -18981,812 13515,567196409325
-1027,0 -71530,0 -19461,934 13692,678968472313
-1027,0 -73454,0 -19159,1 13676,11969478187
-1027,0 -77397,0 -18253,78 12882,70741869115
-1027,0 -75270,0 -19372,92 13720,719742695715
-1027,0 -69589,0 -18595,748 12980,441058473165
-1027,0 -70630,0 -18780,218 13444,439183040555
-1027,0 -65278,0 -19160,592 13310,08561090183
-1027,0 -63905,0 -18869,738 13849,648782743772
-1027,0 -76064,0 -19513,888 13572,473475216522
-1027,0 -68361,0 -19797,938 14211,357968968205
-1027,0 -73499,0 -18103,05 13457,435914746158
-1027,0 -65208,0 -17869,512 13137,812014709905
-1027,0 -64786,0 -18433,564 12859,637194178697
-1027,0 -69824,0 -17666,296 12735,898078438908
-1027,0 -82577,0 -18047,56 12792,728791403344
-1027,0 -66926,0 -18092,966 12704,281383724308
-1027,0 -61753,0 -17174,642 11855,898634596879
-1027,0 -60771,0 -18769,376 12554,537525955468
-1027,0 -73120,0 -18721,874 12949,269853784184
-1027,0 -65681,0 -18143,8 12581,41162127683
-1027,0 -67967,0 -18580,306 12869,413038066808
-1027,0 -73191,0 -18820,31 13038,8685709267
-1027,0 -74165,0 -17933,792 12826,476648430624
-1027,0 -71573,0 -18444,596 12772,603217073023
-1027,0 -77838,0 -18119,278 13377,7287488092
-1027,0 -73025,0 -18874,974 13786,515191204917
-1027,0 -58252,0 -18108,17 12527,965927200627
-1027,0 -59944,0 -18010,41 13478,036982509724
-1027,0 -62157,0 -17484,176 12762,458143673734
-1027,0 -71299,0 -17366,688 13689,628460650649
-1027,0 -84887,0 -17586,788 13718,498146774527
-1027,0 -66524,0 -17575,344 12999,954993678404
-1027,0 -69072,0 -17332,19 12955,99666215996
-1027,0 -64625,0 -18222,068 13114,76495936454
-1027,0 -64039,0 -17885,35 13501,773236412331
-1027,0 -64021,0 -17566,12 13699,532237036414
-1027,0 -85423,0 -17682,228 13335,991283591033
-1027,0 -74269,0 -17708,904 13168,265228449192
-1027,0 -73692,0 -17387,602 13136,28373352205
-1027,0 -67588,0 -17160,334 13485,567125132107
-1027,0 -80661,0 -17247,114 13296,415057939643
-1027,0 -63373,0 -16245,322 12412,355201101684
-1027,0 -71118,0 -16005,252 12731,778371166225
-1027,0 -59609,0 -15630,766 12327,176191457786
-1027,0 -69570,0 -16314,062 13069,43159965865
-1027,0 -64534,0 -16330,81 12573,475285771232
-1027,0 -69471,0 -15877,604 12420,058355063557
-1027,0 -61758,0 -16177,63 11656,803420711014
-1027,0 -68491,0 -17539,792 13102,707210524703
-1027,0 -73359,0 -17239,806 13621,509172935426
-1027,0 -64745,0 -17226,538 12673,491447764347
-1027,0 -62510,0 -17245,268 12997,28646665049
-1027,0 -67730,0 -16815,096 12463,45808685471
-1027,0 -63171,0 -16996,832 12548,140121459273
-1027,0 -67322,0 -17357,648 13030,927692535777
-1027,0 -69254,0 -17230,446 12800,553624085327
-1027,0 -66058,0 -16988,668 12469,20352090605
-1027,0 -62368,0 -17306,126 13556,739860826572
-1027,0 -63850,0 -16588,742 12177,819360272837
-1027,0 -72159,0 -16631,958 13137,980383157676
-1027,0 -61239,0 -16950,286 12622,026650748445
-1027,0 -63178,0 -17632,318 13412,278394697743
-1027,0 -68825,0 -16813,52 12585,65363600953
-1027,0 -60775,0 -18193,696 13088,948376076056
-1027,0 -65359,0 -17685,29 13620,55841593508
-1027,0 -61547,0 -17003,152 12020,147038572199
-1027,0 -67755,0 -17889,848 12952,397730339195
-1027,0 -65633,0 -17966,204 13118,478861452795
-1027,0 -73210,0 -16719,006 12635,926101317782
-1027,0 -63767,0 -17056,308 13295,247427902043
-1027,0 -72123,0 -17270,7 13537,60866763402
-1027,0 -75966,0 -17624,206 13768,445537516722
-1027,0 -60723,0 -16595,674 12886,586780979826
-1027,0 -62370,0 -18193,796 13684,358667704671
-1027,0 -71164,0 -17693,132 13205,479346490081
-1027,0 -73485,0 -17521,85 13464,13260850844
-1027,0 -78884,0 -17813,214 13653,267112900276
-1027,0 -68402,0 -17835,04 12841,626414687511
-1027,0 -78675,0 -18801,96 13832,78477872044
-1027,0 -69815,0 -18876,724 13550,688033447752
-1027,0 -71020,0 -19781,736 13930,290778383063
-1027,0 -80410,0 -18447,254 13502,795142839284
-1027,0 -62630,0 -17656,75 12423,568970126902
-1027,0 -73272,0 -19779,92 14280,229451433892
-1027,0 -71635,0 -18302,808 14097,403010027623
-1027,0 -63739,0 -18778,27 13007,622316976307
-1027,0 -83731,0 -19208,07 14240,76539140716
-1027,0 -67317,0 -18417,092 13899,522050759013
-1027,0 -57392,0 -17860,326 12590,57950627071
-1027,0 -76399,0 -18353,452 13804,934760863447
-1027,0 -66381,0 -17638,0 12911,136984015002
-1027,0 -65251,0 -16428,166 12100,248974894854
-1027,0 -64720,0 -16728,512 13278,104291270498
-1027,0 -66220,0 -16981,848 13581,952243506677
-1027,0 -59471,0 -17442,036 13339,79365367785
-1027,0 -58318,0 -16963,508 12540,646779888828
-1027,0 -66014,0 -17008,51 13274,60037748406
-1027,0 -59146,0 -16420,204 12363,495028283225
-1027,0 -71935,0 -18580,52 13705,392450623227
-1027,0 -66677,0 -18538,384 13570,500417764402
-1027,0 -63123,0 -17455,832 12623,499715996986
-1027,0 -70301,0 -17205,388 13316,325488416689
-1027,0 -75462,0 -16841,05 12839,9071745671
-1027,0 -64534,0 -17314,2 13210,981957598751
-1027,0 -57167,0 -16317,246 12547,406573690198
-1027,0 -59454,0 -15555,356 12293,291366158377
-1027,0 -77505,0 -16964,374 13284,202146840582
-1027,0 -79064,0 -16872,182 12693,359689100285
-1027,0 -65860,0 -17417,03 13125,85005845717
-1027,0 -83670,0 -17607,318 13459,860436604682
-1027,0 -70810,0 -17575,492 13854,270099501298
-1027,0 -69121,0 -18779,618 13768,692311184672
-1027,0 -72107,0 -18263,614 13319,848322297223
-1027,0 -63602,0 -17289,032 12589,88140368987
-1027,0 -66483,0 -17018,742 12496,67494317732
-1027,0 -68468,0 -17523,03 13440,400404790777
-1027,0 -75713,0 -18422,862 13971,104897715
-1027,0 -67427,0 -17337,776 13271,767060110125
-1027,0 -63381,0 -17156,288 12644,420168637866
-1027,0 -66659,0 -17998,564 12410,279845914185
-1027,0 -67502,0 -17897,85 13037,002008725029
-1027,0 -67959,0 -17834,09 12352,402099263927
-1027,0 -73008,0 -17859,478 12950,327845329477
-1027,0 -67544,0 -17812,294 12554,089501495675
-1027,0 -72994,0 -19155,464 14188,620977836572
-1027,0 -69530,0 -17514,178 13060,078407050853
-1027,0 -64682,0 -17542,942 12973,278600517146
-1027,0 -74617,0 -17988,73 13901,17292767413
-1027,0 -73215,0 -18256,552 13761,706641666795
-1027,0 -71620,0 -19235,31 13787,26920843646
-1027,0 -75085,0 -18161,322 12801,253737908482
-1027,0 -66344,0 -18321,334 13549,604498377203
-1027,0 -78144,0 -17376,71 13580,374091530026
-1027,0 -67013,0 -18192,284 13495,330536720616
-1027,0 -72242,0 -17754,828 13535,705063808688
-1027,0 -67061,0 -18133,104 13656,295317734746
-1027,0 -68440,0 -18408,404 13612,493695454337