-181608,0 -391626,0 -285854,698 40726,13343324895
-174600,0 -362664,0 -257769,806 34660,471699045935
-155884,0 -319533,0 -237772,354 29757,750936666627
-155884,0 -323137,0 -220627,424 25670,773323611113
-151085,0 -294083,0 -208557,358 22140,662628788607
-140529,0 -268927,0 -199269,428 20426,956073992427
-126047,0 -260322,0 -191204,804 20238,629206287267
-126047,0 -263837,0 -183329,838 20836,583901104223
-124003,0 -249266,0 -174747,894 21256,910459866074
-108412,0 -223877,0 -165411,246 20785,614505168807
-108412,0 -245375,0 -156829,04 19908,268012220455
-92112,0 -221223,0 -147589,058 19870,72994096181
-91440,0 -193964,0 -140142,07 18399,816258460305
-89400,0 -206861,0 -134067,956 18310,984203315344
-85801,0 -180002,0 -127014,804 17709,67294812595
-80953,0 -178044,0 -120320,912 18380,997007133632
-74134,0 -168051,0 -113746,874 16693,48530888993
-70634,0 -176565,0 -107626,098 15578,637403072067
-69932,0 -159782,0 -102516,356 15166,737434308816
-67134,0 -149359,0 -98690,368 14719,649143392515
-64944,0 -146336,0 -93894,564 14446,451303690605
-64944,0 -154727,0 -90642,56 13494,270265353363
-62124,0 -141114,0 -88233,436 13168,010229108417
-60734,0 -132863,0 -85186,586 12814,026273213429
-60453,0 -129502,0 -83274,314 12977,444814577488
-60453,0 -131854,0 -81904,968 14001,86722401609
-57663,0 -141666,0 -78865,478 13466,18609738912
-52723,0 -126015,0 -78142,76 13211,40945041066
-48618,0 -124500,0 -75203,592 12190,645794769693
-48618,0 -125302,0 -75071,88 12600,152046447698
-47170,0 -120955,0 -73792,536 12331,221078413282
-41506,0 -126879,0 -72185,516 12726,085769385021
-41506,0 -115144,0 -69930,038 12969,812467285565
-41506,0 -129523,0 -69992,328 13976,271039458845
-41506,0 -117171,0 -68369,584 14014,775661670215
-36550,0 -107324,0 -65993,398 13292,638930761497
-36550,0 -108687,0 -63902,678 12505,103261401566
-36550,0 -105312,0 -63063,048 13121,579364150339
-36550,0 -110184,0 -61224,048 13109,716644752323
-34436,0 -114153,0 -59890,838 13311,452779909332
-32312,0 -108876,0 -57657,536 12769,167924837706
-32312,0 -100223,0 -55731,066 13140,545458452014
-32312,0 -101482,0 -54204,006 13216,39933241894
-32312,0 -93920,0 -52235,804 12332,76665025265
-32312,0 -92958,0 -49952,782 12141,295581216857
-30938,0 -96070,0 -49149,7 12720,693111540719
-28764,0 -97873,0 -48804,926 12719,585494681965
-28764,0 -89650,0 -48091,814 12257,496939400144
-28764,0 -87332,0 -47381,876 12054,481830780782
-28764,0 -90594,0 -46204,13 12053,527150386313
-25971,0 -88895,0 -45351,088 12430,135909323604
-23124,0 -90203,0 -44717,728 12216,607744624365
-23124,0 -97916,0 -44438,226 12518,479133142488
-22446,0 -91589,0 -44402,556 13052,041102098321
-22422,0 -87943,0 -42639,182 12380,99041647622
-21698,0 -116523,0 -41226,622 13771,394771595062
-21698,0 -81328,0 -40257,656 12810,128289196175
-21698,0 -85779,0 -39267,876 13568,887079072616
-21698,0 -89750,0 -37564,468 12664,628479232066
-19603,0 -82769,0 -36047,726 12116,570280690987
-18904,0 -83126,0 -35843,572 12086,192343696006
-18218,0 -89496,0 -34836,072 11829,077297186624
-18218,0 -77870,0 -35023,674 12966,865111958396
-16804,0 -73950,0 -34491,026 12027,397058271748
-16804,0 -86115,0 -33813,22 12639,226903398805
-13970,0 -73665,0 -32913,532 11428,744452868646
-13970,0 -83922,0 -33942,72 12951,608697517077
-13970,0 -83951,0 -32953,056 12793,256588252425
-13970,0 -67679,0 -32195,77 12061,405655772462
-13970,0 -86525,0 -31269,07 12429,124962325386
-13947,0 -70026,0 -30060,484 11492,04983150282
-12533,0 -74576,0 -28809,206 11644,080564972226
-12533,0 -73195,0 -29144,55 12409,166684491744
-11827,0 -69672,0 -27871,788 11765,861506199024
-11827,0 -81478,0 -27553,808 12103,076257841894
-10501,0 -71348,0 -27180,388 12222,94095811053
-10501,0 -69115,0 -27019,822 12639,503260425865
-10501,0 -82116,0 -25689,944 12186,20664492705
-10501,0 -74666,0 -25207,01 11977,21976478264
-10501,0 -69053,0 -25219,892 11877,835838583387
-10501,0 -72545,0 -24381,322 11267,772379237878
-10501,0 -71592,0 -24865,616 12518,67644827296
-10448,0 -74312,0 -25178,006 13402,315220661094
-9042,0 -70897,0 -25250,954 12342,143261520012
-9042,0 -77326,0 -23360,7 11744,964032043685
-8340,0 -73385,0 -24076,376 12691,946520948784
-8340,0 -71062,0 -22959,902 12240,72087192564
-8324,0 -66745,0 -22694,444 11694,201354297957
-8312,0 -71373,0 -22951,5 12292,082687567636
-8300,0 -75043,0 -23272,044 12054,47942210961
-8300,0 -65605,0 -22872,25 12115,054044596747
-8300,0 -78440,0 -23341,048 12928,977169509422
-7592,0 -82555,0 -22703,878 12362,129448728323
-7592,0 -80398,0 -23239,588 12474,7036773727
-6867,0 -74479,0 -22873,462 12795,147465057064
-6867,0 -72356,0 -22095,028 12765,724942642932
-6867,0 -65037,0 -21501,972 12064,990368799141
-6147,0 -77942,0 -22250,638 12831,59507524127
-6135,0 -72395,0 -20939,398 12482,26915811368
-6135,0 -67286,0 -21320,296 12837,884354689593
-6135,0 -73543,0 -20455,376 11858,421928681066
-6129,0 -78994,0 -20056,168 12504,954578717032
-6110,0 -68108,0 -19345,586 12049,396176016626
-6110,0 -63231,0 -18824,158 11333,430697058853
-5409,0 -64492,0 -19771,66 12509,607253643097
-5409,0 -85207,0 -19221,374 11712,002953129917
-5361,0 -60750,0 -19707,898 11848,317473784884
-4756,0 -69378,0 -18899,014 12256,901960683383
-4756,0 -56077,0 -17595,626 11102,567479737467
-4652,0 -69423,0 -18420,372 12173,48608548989
-4080,0 -68282,0 -17726,89 11838,375158352603
-4080,0 -78614,0 -18059,75 12951,394903078974
-4080,0 -64068,0 -17358,652 11666,182258429535
-3393,0 -68140,0 -17093,574 12123,457882490622
-3393,0 -70502,0 -17375,8 12635,287138486392
-3393,0 -59858,0 -16754,682 11420,984884889569
-3393,0 -63672,0 -15774,634 11063,344580733441
-3387,0 -75985,0 -16161,576 11919,259435561587
-3387,0 -59485,0 -15794,916 11392,315979507592
-3387,0 -80772,0 -16432,158 12021,44983906001
-3373,0 -72850,0 -16398,902 12365,267531937834
-3373,0 -59401,0 -16474,578 12973,359662782661
-3340,0 -61906,0 -16342,162 12675,775077988565
-3340,0 -74958,0 -15492,246 12095,200717701378
-2648,0 -57920,0 -15708,158 11798,549174412761
-2648,0 -68787,0 -15656,03 11984,76209046721
-2648,0 -62647,0 -15437,052 11929,460880077348
-2618,0 -55839,0 -14777,12 11447,391031392262
-2618,0 -67236,0 -15825,506 12343,229252750836
-2618,0 -67563,0 -15635,514 12344,129295086143
-2612,0 -72865,0 -16163,136 13008,45267099451
-2611,0 -70755,0 -16173,734 12899,83473053992
-2611,0 -68805,0 -15414,772 12109,655662322362
-2611,0 -61914,0 -15197,858 11874,808438279586
-2611,0 -60960,0 -15519,042 12428,232659563304
-2611,0 -70173,0 -15441,342 13508,161642245626
-2611,0 -67953,0 -15443,126 12648,93370217917
-1832,0 -62658,0 -14840,064 12230,972345316786
-1832,0 -69015,0 -15268,882 12726,22773943936
-1832,0 -69396,0 -14845,42 12077,662736953707
-1832,0 -66445,0 -14705,052 12137,511485691617
-1816,0 -69183,0 -14931,756 12670,523567101083
-1804,0 -67976,0 -14645,004 12634,487599898308
-1804,0 -72557,0 -14764,514 12262,060456946214
-1804,0 -64871,0 -15550,286 13400,947821710379
-1804,0 -60004,0 -15270,218 12723,603378700385
-1804,0 -67473,0 -14806,576 12639,167784321251
-1804,0 -62669,0 -13943,828 12066,890929250005
-1804,0 -63821,0 -14340,608 12623,709586897823
-1804,0 -67409,0 -15695,824 13567,93277006575
-1804,0 -62433,0 -15339,944 13441,212624940646
-1804,0 -78273,0 -14752,548 13106,283795023517
-1804,0 -62750,0 -14513,082 12862,778017958482
-1804,0 -66678,0 -16093,13 13891,72587539432
-1804,0 -71178,0 -14939,438 13003,059417004757
-1804,0 -71045,0 -15317,328 13287,392831869463
-1804,0 -64163,0 -15386,408 12864,163634124692
-1804,0 -74724,0 -15597,672 14212,209315107062
-1802,0 -82641,0 -14919,326 13934,130233198051
-1802,0 -62274,0 -14418,732 12630,279805616981
-1802,0 -68633,0 -13655,622 12416,528413172338
-1801,0 -73707,0 -14706,906 13525,334665329501
-1796,0 -64596,0 -14052,578 12979,576359030987
-1796,0 -64164,0 -14132,144 12773,483993933056
-1794,0 -62741,0 -13681,284 12675,488360427937
-1794,0 -82981,0 -13743,984 13169,882022544625
-1788,0 -67185,0 -14325,582 13506,382341518256
-1788,0 -58445,0 -12901,242 11967,690201682031
-1788,0 -65692,0 -15045,804 13774,041829237487
-1784,0 -73020,0 -13216,562 13073,48658079229
-1783,0 -67134,0 -13915,386 13028,3318705429
-1783,0 -69684,0 -13828,328 13416,013927706546
-1783,0 -80944,0 -13722,526 12709,999197534356
-1783,0 -65088,0 -14879,082 13629,721191839395
-1746,0 -63621,0 -14467,43 12849,882414446443
-1746,0 -60398,0 -14310,982 12808,712405299613
-1746,0 -91274,0 -13985,928 12974,431655175342
-1746,0 -79596,0 -14496,492 13619,52580033299
-1746,0 -73151,0 -14764,454 13936,831160342159
-1746,0 -58084,0 -13502,244 12796,201377927124
-1740,0 -71623,0 -13063,846 13235,094383580497
-1738,0 -70250,0 -12590,072 12397,405724215694
-1738,0 -69430,0 -13158,774 12836,765032161491
-1738,0 -68585,0 -14473,236 13600,725461103315
-1738,0 -58943,0 -13419,96 12556,414735202088
-1729,0 -64999,0 -13777,638 13060,993120546233
-1729,0 -71399,0 -13449,294 13164,071092468477
-1729,0 -61842,0 -13569,0 13615,55817908322
-1729,0 -62407,0 -14517,286 13517,184911519256
-1729,0 -70153,0 -13946,79 13155,46376491152
-1729,0 -67930,0 -14304,36 13358,673125366899
-1729,0 -61176,0 -14920,094 13198,525752566617
-1729,0 -62461,0 -14392,882 13320,778976624306
-1729,0 -61818,0 -13187,568 13016,644445684766
-1729,0 -58523,0 -12555,222 12145,605978324673
-1729,0 -74495,0 -13780,838 13832,32398867797
-1729,0 -62043,0 -14268,45 13446,136563470553
-1729,0 -66388,0 -13762,498 13506,966455943988
-1717,0 -68071,0 -12332,69 12284,141873077664
-1717,0 -58597,0 -12403,72 12459,80005303455
-1717,0 -69418,0 -12958,872 13566,10866459561
-1717,0 -58030,0 -12664,274 12320,126703687913
-1717,0 -64794,0 -13504,578 13835,398330366783
-1717,0 -62615,0 -13692,768 13828,729622860377
-1717,0 -78476,0 -12692,216 13663,8718855727
-1717,0 -70954,0 -13175,49 14219,708469792906
-1717,0 -64986,0 -12995,432 13512,629166575101
-1717,0 -61929,0 -12697,566 13226,852758749681
-1717,0 -84460,0 -13484,268 13799,327327379982
-1717,0 -55837,0 -12347,492 12598,17924915882
-1715,0 -63264,0 -12463,638 12462,204705707412
-1715,0 -61893,0 -12533,272 13025,225722651261
-1715,0 -64157,0 -12017,628 12280,32706672001
-1715,0 -57082,0 -11758,47 12049,14077439134
-1715,0 -60262,0 -13121,954 13829,601079708846
-1715,0 -71796,0 -13597,038 14389,071721155473
-1715,0 -77660,0 -13025,338 13358,132944680412
-1715,0 -73270,0 -12545,072 13378,211444539807
-1715,0 -80872,0 -12138,588 13203,861197477652
-1715,0 -76041,0 -12256,17 12625,834598675057
-1715,0 -67972,0 -11865,518 12673,189852980036
-1715,0 -77205,0 -13565,23 14157,255038075002
-1715,0 -75137,0 -12936,316 13849,236859269331
-1715,0 -67691,0 -12942,704 13366,784763299813
-1715,0 -70085,0 -12479,706 13113,01026307705
-1715,0 -64930,0 -12993,834 13358,182905262378
-1715,0 -60690,0 -12660,834 12997,132105908746
-1715,0 -66446,0 -13042,282 13630,579201430735
-1715,0 -61875,0 -12301,978 12934,222650376623
-1715,0 -65753,0 -12384,344 13447,527577278437
-1715,0 -67905,0 -12209,208 13362,363484531314
-1715,0 -90112,0 -13049,01 13704,030539731739
-1715,0 -73148,0 -12798,546 13162,227594289805
-1714,0 -64863,0 -13227,47 13291,999043074746
-1714,0 -69462,0 -13409,344 13325,470240620552
-1708,0 -66386,0 -12737,606 13088,00358720779
-1708,0 -66701,0 -12732,98 14000,619256432912
-1708,0 -67938,0 -12901,386 13746,603845932415
-1699,0 -64459,0 -12510,122 13626,553977404406
-1699,0 -67661,0 -12073,264 12179,501335863624
-1699,0 -65609,0 -12611,84 13107,469783234295
-1699,0 -66170,0 -13556,27 13850,193153494278
-1699,0 -61947,0 -12941,544 13477,653957423894
-1699,0 -64944,0 -12070,452 12730,37467459995
-1699,0 -65871,0 -13221,018 14147,72389614937
-1699,0 -60254,0 -12953,18 13145,055996213932
-1699,0 -64950,0 -13230,53 13865,602346566124
-1699,0 -69149,0 -13341,982 14754,770036489077
-1699,0 -69965,0 -13106,048 13620,66439766049
-1699,0 -73083,0 -12722,468 13759,041487144963
-1699,0 -77884,0 -12837,376 13848,786797067247
-1699,0 -67912,0 -13375,234 14772,178092862412
-1064,0 -67960,0 -12259,974 13272,704060037051
-1064,0 -75558,0 -12899,034 13883,762380451633
-1064,0 -70735,0 -13107,166 14221,63584973417
-1064,0 -68510,0 -13356,196 14305,435143943856
-1064,0 -76159,0 -12669,54 14521,131368746717
-1064,0 -62430,0 -12670,412 13822,032475083253
-1064,0 -60416,0 -13894,318 14544,33313331608
-1043,0 -87464,0 -12867,86 13721,92005837376
-1043,0 -66329,0 -13456,496 13956,510665420068
-1043,0 -60417,0 -12276,152 13157,224856819015
-1043,0 -66231,0 -13180,264 13283,874099309436
-1043,0 -60473,0 -14022,248 14563,74151413351
-1043,0 -63783,0 -13084,52 13778,031801443918
-1043,0 -67149,0 -13546,324 13762,8300202765
-1043,0 -66805,0 -13803,626 14021,679283385567
-1043,0 -70024,0 -14164,67 14970,585564803403
-1043,0 -63046,0 -12484,936 13747,133660800122
-1043,0 -58484,0 -12065,096 13395,530215664628
-1043,0 -58845,0 -13489,882 14023,026520693595
-1043,0 -68730,0 -13661,312 14298,521764946758
-1043,0 -66163,0 -12824,234 13918,506628630961
-1043,0 -63347,0 -13356,53 14677,668439268546
-1043,0 -92000,0 -13664,04 14907,105345384789
-1043,0 -79904,0 -13772,11 15816,039980409132
-1043,0 -67937,0 -14050,278 14545,037088048832
-1043,0 -70774,0 -12905,462 14158,511477996415
-1043,0 -60211,0 -13240,32 14202,508026880323
-1043,0 -59553,0 -13370,766 14053,922758832994
-1043,0 -64597,0 -13550,862 14779,85610833055
-1043,0 -81721,0 -13569,018 14823,80799962264
-1043,0 -63029,0 -13048,342 13787,905740359409
-1043,0 -66299,0 -13636,256 14619,10131870164
-1043,0 -63356,0 -13582,52 13948,724510922137
-1043,0 -62022,0 -13327,488 13951,960340033085
-1043,0 -82690,0 -14283,18 14819,633308270486
-1043,0 -67310,0 -12510,174 13293,372748092346
-1043,0 -70132,0 -13301,014 14584,296569454558
-1043,0 -88929,0 -12599,618 14396,412538548484
-1043,0 -77821,0 -13535,906 14774,008228005156
-1043,0 -58851,0 -13953,342 14081,998137091046
-1043,0 -78415,0 -12929,012 14095,831761902376
-1043,0 -72403,0 -14602,652 15004,85309154661
-1043,0 -68553,0 -13634,532 14469,597050262873
-1043,0 -63029,0 -14206,05 14544,619044701707
-1043,0 -94545,0 -14585,998 14858,092348817721
-1043,0 -80633,0 -12807,71 13484,504019277085
-1043,0 -76717,0 -13079,818 14554,901520686286
-1043,0 -59527,0 -13202,56 13618,145059823677
-1043,0 -66342,0 -12708,368 13579,211870523855
-1043,0 -58028,0 -12117,082 12506,260451920707
-1043,0 -61344,0 -12651,524 13407,980830290002
-1043,0 -62457,0 -12502,594 13252,303148553618
-1043,0 -60272,0 -12599,53 12972,19917874761
-1043,0 -74584,0 -11873,772 13246,43166607581
-1043,0 -62194,0 -11880,342 12664,531438037337
-1043,0 -61904,0 -12583,788 12979,777878802703
-1043,0 -59971,0 -12877,58 13202,1500503365
-1043,0 -61844,0 -12233,594 12713,945674147108
-1037,0 -66163,0 -12553,46 14113,033798032218
-1037,0 -67730,0 -12187,946 13871,304399770195
-1037,0 -66429,0 -12224,074 13698,135175436248
-1037,0 -55002,0 -12491,14 13188,575883255935
-1037,0 -62157,0 -12901,922 15059,575496803223
-1037,0 -79237,0 -12373,378 13670,644797781704
-1037,0 -74779,0 -11845,414 13727,682632207225
-1037,0 -57040,0 -12561,384 13293,266741194364
-1037,0 -61875,0 -12545,418 14200,60310632179
-1037,0 -60308,0 -12747,02 13627,643437205126
-1037,0 -60010,0 -12906,322 13761,289483559172
-1037,0 -79095,0 -12831,662 13718,56956317808
-1037,0 -65626,0 -12710,582 12969,80030375472
-1037,0 -66364,0 -12289,414 13815,92509514306
-1037,0 -59587,0 -12053,908 13021,124895781322
-1037,0 -64711,0 -10811,772 12207,981588944836
-1037,0 -66342,0 -12282,876 13585,909911986906
-1037,0 -59458,0 -12312,954 12966,286445080717
-1037,0 -65358,0 -12671,452 13922,76659172651
-1037,0 -85952,0 -12751,274 13788,505071940328
-1037,0 -72190,0 -12888,258 13704,281151210958
-1037,0 -75083,0 -13568,582 14572,672768002305
-1037,0 -60952,0 -12591,99 12485,180708259697
-1037,0 -67349,0 -13827,906 13948,054089842206
-1037,0 -67869,0 -14056,148 14683,065023696381
-1037,0 -59223,0 -13218,232 13870,721938751996
-1037,0 -79299,0 -12621,81 13787,253401671413
-1037,0 -71631,0 -13207,194 13818,10747260145
-1037,0 -63643,0 -12330,716 13568,845903736394
-1036,0 -57190,0 -11709,9 12507,488541589812
-1036,0 -62519,0 -13061,156 13714,892486624314
-1036,0 -55823,0 -12736,54 13367,732908926631
-1036,0 -72751,0 -12352,878 13566,475042070288
-1036,0 -61165,0 -12486,34 13577,870192500735
-1036,0 -58743,0 -12457,718 13103,463439506213
-1036,0 -61707,0 -10980,696 12164,795919191738
-1036,0 -63399,0 -12833,636 13918,304381766624
-1036,0 -60989,0 -12351,164 13568,628301973047
-1036,0 -75409,0 -13367,838 13916,600114099567
-1036,0 -60123,0 -12712,712 13114,015845539307
-1036,0 -59653,0 -12478,456 13201,007316567326
-1036,0 -63653,0 -13285,272 13664,262758525096
-1036,0 -58930,0 -12701,902 13571,586566956568
-1036,0 -63372,0 -12832,132 13275,771448114645
-1036,0 -62362,0 -12092,082 13345,904992891112
-1036,0 -60154,0 -12002,816 12203,650013751787
-1036,0 -70901,0 -12688,254 13325,036917828176
-1036,0 -68306,0 -11691,39 12623,89597873413
-1036,0 -57175,0 -13350,55 13034,690641495865
-1036,0 -63185,0 -12430,45 12784,393132233525
-1036,0 -61752,0 -13021,396 13681,718336933565
-1036,0 -70879,0 -13886,192 13975,335924661553
-1036,0 -72464,0 -13475,742 14091,331703264808
-1036,0 -64785,0 -12770,226 13254,532005126552
-1036,0 -63441,0 -11967,52 12791,348743021585
-1036,0 -60309,0 -11707,998 12845,64601403899
-1036,0 -63916,0 -12256,552 12684,867241689835
-1036,0 -57332,0 -12211,514 12736,939841178646
-1036,0 -71483,0 -13801,814 14306,033500429248
-1036,0 -61611,0 -12823,884 12964,830979945089
-1036,0 -69852,0 -13256,886 13482,946880893804
-1036,0 -83692,0 -12842,574 13758,82519899588
-1036,0 -58258,0 -13148,484 13154,254553935922
-1036,0 -66822,0 -14221,892 14967,50080315134
-1036,0 -66140,0 -14311,656 14559,334399678573
-1036,0 -67210,0 -13860,428 14239,789099169133
-1036,0 -73641,0 -14375,014 14560,141976430172
-1036,0 -67281,0 -14099,1 14693,593875223327
-1036,0 -64496,0 -13581,304 14242,822647761368
-1036,0 -67878,0 -12180,474 13192,837021100655
-1036,0 -55879,0 -11538,624 12635,975176084516
-1036,0 -56124,0 -11845,574 12896,621358655302
-1036,0 -62496,0 -13732,812 14934,60206998017
-1036,0 -66821,0 -12095,822 13362,544617336775
-1036,0 -61801,0 -12405,334 13939,69746782347
-1036,0 -79675,0 -12919,86 14366,190627038197
-1036,0 -60723,0 -12982,4 14390,956616292066
-1036,0 -63387,0 -12929,728 14229,702829575037
-1036,0 -64437,0 -11660,986 13908,197603780449
-1036,0 -60963,0 -12149,178 13553,865021547026
-1036,0 -61046,0 -11897,166 13292,270284283426
-1036,0 -70901,0 -11946,59 13492,768670732486
-1036,0 -61348,0 -13001,054 14163,803344549931
-1036,0 -59184,0 -12834,216 13912,002688230908
-1036,0 -66152,0 -12153,628 13984,052097929842
-1036,0 -62598,0 -12046,252 13105,166494649957
-1036,0 -55885,0 -13194,186 13423,527088340226
-1036,0 -59613,0 -13556,954 14550,036120226097
-1036,0 -61695,0 -12170,186 13515,168672843267
-1036,0 -65790,0 -12339,624 13757,542700010936
-1036,0 -63434,0 -11788,452 13046,218223213045
-1036,0 -61959,0 -11585,346 12943,400889653529
-1036,0 -69070,0 -12233,612 13840,186628129557
-1036,0 -84512,0 -12607,238 14424,679710459992
-1036,0 -67531,0 -12731,454 14040,31576539089
-1036,0 -60506,0 -12251,642 13593,337382182337
-1036,0 -54693,0 -12383,714 13478,063242031621
-1036,0 -62448,0 -12789,522 14121,724202005777
-1036,0 -66371,0 -13926,242 14370,135723486963
-1036,0 -65626,0 -13561,694 13843,750027949947
-1036,0 -64877,0 -13264,318 13836,32383116542
-1036,0 -72533,0 -13284,046 14228,9171211264
-1036,0 -62479,0 -13246,84 14034,665911178652
-1036,0 -66802,0 -12919,182 13363,904691701304
-1036,0 -61018,0 -12618,25 13386,681605517479
-1036,0 -61768,0 -11941,848 12679,131434798523
-1036,0 -61455,0 -12925,156 13493,907487739203
-1036,0 -73141,0 -13495,218 14138,590825626008
-1036,0 -59778,0 -12706,85 12965,055139392984
-1036,0 -60214,0 -12959,096 12851,79253547085
-1036,0 -61582,0 -12530,464 13303,595761473814
-1036,0 -69878,0 -13443,696 14905,561482197985
-1036,0 -65799,0 -12951,454 13750,719005196923
-1036,0 -67287,0 -13382,714 13732,807014598446
-1036,0 -64602,0 -12876,9 13306,828409579815
-1036,0 -63043,0 -12504,022 13082,849825535563
-1036,0 -60955,0 -12868,238 13622,116391418618
-1036,0 -61775,0 -13006,626 13789,563948077697
-1036,0 -58853,0 -13721,464 14545,592135650722
-1036,0 -87911,0 -12947,296 14658,347243682827
-1036,0 -62486,0 -13804,148 14300,054947240447
-1036,0 -67011,0 -12863,214 13933,900260020664
-1036,0 -72832,0 -13436,57 14004,5320456308
-1036,0 -70180,0 -14202,864 15145,784235671124
-1036,0 -63013,0 -12223,776 12943,673873897784
-1036,0 -71257,0 -12822,728 13487,40081490929
-1036,0 -65465,0 -12993,518 14059,8399505
-1036,0 -65000,0 -14136,982 14892,397190972173
-1036,0 -85802,0 -13608,668 14593,97976022223
-1036,0 -61672,0 -11428,872 12640,372259534757
-1036,0 -60267,0 -12133,494 13674,640501964366
-1036,0 -58860,0 -13133,106 13929,626157466104
-1036,0 -72337,0 -13900,496 14209,568395767126
-1036,0 -69403,0 -14315,91 14858,42688759143
-1036,0 -63738,0 -12983,586 13545,936828237616
-1036,0 -78207,0 -13894,916 14756,034358083614
-1036,0 -65162,0 -13575,534 14369,350358344105
-1036,0 -68596,0 -12948,288 14561,932303408636
-1036,0 -64368,0 -12021,294 12927,068888172753
-1036,0 -89496,0 -12230,254 13014,1857751257
-1036,0 -58686,0 -12929,99 13085,621452644122
-1036,0 -62677,0 -12445,462 12850,320169729457
-1036,0 -64870,0 -12509,032 12815,206827631617
-1036,0 -63252,0 -13266,676 13580,85688088288
-1036,0 -68531,0 -12373,138 13164,4373036965
-1036,0 -60432,0 -12565,566 13608,231792618919
-1036,0 -62800,0 -13247,468 14349,57265332232
-1036,0 -85948,0 -13580,212 14199,86557764038
-1036,0 -62503,0 -13372,572 14360,339187805286
-1036,0 -66339,0 -13611,652 14827,711055685428
-1036,0 -69299,0 -14051,64 14425,525445764535
-1036,0 -73108,0 -14046,806 14190,688965105388
-1036,0 -65995,0 -13543,8 14197,906413975255
-1036,0 -82265,0 -14009,32 14730,125211470538
-1036,0 -69203,0 -13669,758 14473,714651168028
-1036,0 -69480,0 -13538,082 13745,596197738243
-1036,0 -95028,0 -13340,254 14039,966773802715
-1036,0 -62705,0 -12387,066 13191,682756708638
-1036,0 -58372,0 -12500,226 13789,561741220205
-1036,0 -55891,0 -11888,846 13408,458365311211
-1036,0 -68452,0 -12453,688 13775,764571255426
-1036,0 -59606,0 -14253,384 14147,07790791243
-1036,0 -74229,0 -13944,536 14219,502702299531
-1036,0 -67292,0 -12745,822 14001,53184827703
-1036,0 -70769,0 -13730,748 14147,553639145395
-1036,0 -65641,0 -13073,61 13744,896313537616
-1036,0 -67388,0 -13506,16 13997,079128103836
-1036,0 -70501,0 -13830,108 14712,039518854495
-1036,0 -63985,0 -12164,886 13120,309095025314
-1036,0 -63415,0 -12116,326 13056,431409069013
-1036,0 -65498,0 -12669,016 13713,401363182806
-1036,0 -61120,0 -12615,79 13508,33169439883
-1036,0 -66334,0 -13555,482 14628,11681788452
-1036,0 -73915,0 -13152,02 13545,496440352419
-1036,0 -61162,0 -12758,864 13087,765855236861
-1036,0 -83149,0 -12336,372 13766,224731044307
-1036,0 -75501,0 -12929,712 13888,362654865257
-1036,0 -56525,0 -12369,6 13093,414944925576
-1036,0 -62617,0 -12121,992 13140,269056147066
-1036,0 -64385,0 -11832,538 13068,906868921977
-1036,0 -60334,0 -12013,068 13563,262618978364
-1036,0 -65550,0 -11654,786 13442,948534908699
-1036,0 -59457,0 -12141,34 13651,153008020972
-1036,0 -79950,0 -12389,51 14008,65580510493
-1036,0 -59481,0 -12726,734 13798,588228193637
-1036,0 -58919,0 -11712,466 12628,447159838943
-1036,0 -68121,0 -13026,702 14723,651481110104
-1036,0 -66355,0 -11902,92 13286,512945299084
-1036,0 -69473,0 -13399,076 13868,029916834763
-1036,0 -64823,0 -12764,638 13881,40302919543
-1036,0 -65466,0 -12757,812 13964,451275315332
-1036,0 -69056,0 -13604,366 14521,303496313414
-1036,0 -76012,0 -14006,706 14490,82605994441
-1036,0 -58843,0 -13897,704 13944,454254375967
-1036,0 -66599,0 -13053,262 13382,848631041008
-1036,0 -64553,0 -13085,326 13810,075708544262
-1036,0 -60944,0 -13462,472 13622,109176379996
-1036,0 -64040,0 -14320,412 14722,529084850059
-1036,0 -69361,0 -12554,412 13583,864537393467
-1036,0 -64778,0 -13241,954 14105,383323677668
-1036,0 -67116,0 -11115,112 13413,68052696411
-1036,0 -59560,0 -12224,616 13170,764188024325
-1036,0 -82099,0 -12617,236 13797,679339668097
-1036,0 -65344,0 -12760,734 13475,414474488121
-1036,0 -61736,0 -12755,77 13632,011191497026
-1036,0 -60299,0 -11189,926 13046,02111482746
-1036,0 -61805,0 -12955,224 14236,52909447468
-1036,0 -64934,0 -12817,064 14259,565512592028
-1036,0 -60761,0 -12818,026 14292,100524601834
-1036,0 -59289,0 -12903,878 14446,56460156241
-1036,0 -70356,0 -14088,238 15010,908897243899
-1036,0 -61102,0 -12537,088 13241,206285843296
-1036,0 -76796,0 -13012,588 13896,530274649702
-1036,0 -63435,0 -12883,542 13195,617790472555
-1036,0 -66229,0 -13679,732 14754,759503298445
-1036,0 -59565,0 -14111,546 13705,246593618222
-1036,0 -63085,0 -13717,73 13628,930443182258
-1036,0 -60102,0 -14202,504 14377,819924661186
-1036,0 -59590,0 -14322,558 13512,235174486714
-1036,0 -79886,0 -13601,784 14195,64504111539
-1036,0 -61185,0 -14586,874 14250,232556773382
-1036,0 -67028,0 -14498,806 14636,249836360546
-1036,0 -73578,0 -14347,118 14671,797648280046
-1036,0 -70655,0 -12865,426 13402,380354120829
-1036,0 -66709,0 -13420,78 14306,587607518437
-1036,0 -69251,0 -13400,122 13641,39022222868
-1036,0 -58846,0 -12906,426 13883,4989512199
-1036,0 -58743,0 -13463,492 14301,645517140189
-1036,0 -68602,0 -12731,274 14329,3039198324
-1036,0 -62402,0 -12454,098 13737,169758447188
-1036,0 -81652,0 -13174,946 14391,474678818848
-1036,0 -82071,0 -12355,092 14504,118548313647
-1036,0 -66179,0 -11325,904 13209,86906667829
-1036,0 -64795,0 -11332,302 13152,153166489357
-1036,0 -58751,0 -11770,234 13252,985159700589
-1036,0 -71386,0 -14050,404 14835,39590252933
-1036,0 -64807,0 -14898,846 15180,854470756381
-1036,0 -58924,0 -12070,222 13391,072594856472
-1036,0 -62522,0 -12530,428 13822,074787122814
-1036,0 -60139,0 -12524,79 13804,578660933475
-1036,0 -82945,0 -13716,864 14971,80564599688
-1036,0 -59482,0 -13189,11 14729,972153059212
-1036,0 -67707,0 -12722,206 13997,166494100291
-1036,0 -58923,0 -12947,422 13953,794571510507
-1036,0 -73118,0 -13157,738 13884,543258651185
-1036,0 -72424,0 -13550,438 14753,99835387533
-1036,0 -68409,0 -13090,766 14443,073190122795
-1036,0 -68128,0 -13633,426 14603,766264512866
-1036,0 -70902,0 -14312,074 14786,395891512042
-1036,0 -70120,0 -14187,124 14372,257195883467
-1036,0 -61447,0 -13755,452 13647,35578636741
-1036,0 -71465,0 -13138,602 14023,277206972554
-1036,0 -71696,0 -12765,304 14028,855879207831
-1036,0 -63290,0 -13427,038 13984,267535790212
-1036,0 -68458,0 -12903,424 13706,571516474283
-1036,0 -58894,0 -13294,696 13611,998914324968
-1036,0 -62398,0 -12283,462 12929,031686888082
-1036,0 -70170,0 -13568,088 14154,250200284581
-1036,0 -72404,0 -13056,008 13667,0915401901
-1036,0 -76611,0 -13242,132 14754,626691400093
-1036,0 -62702,0 -12066,856 13396,174001081952
-1036,0 -76916,0 -13143,464 14151,124594063327
-1036,0 -62648,0 -12796,478 13336,917067955244
-1036,0 -67190,0 -14339,49 14705,485733762762
-1036,0 -64351,0 -13973,306 13925,055809739655
-1036,0 -87095,0 -13497,312 13407,802166002299
-1036,0 -60824,0 -12621,926 13401,701951637488
-1036,0 -69141,0 -12649,474 13769,069442388767
-1036,0 -80158,0 -12711,742 13884,565337216574
-1036,0 -67922,0 -13280,296 14292,18160829143
-1036,0 -58219,0 -13525,894 13826,979337467897
-495,0 -82269,0 -13544,45 14774,42351117293
-495,0 -71272,0 -12725,87 14221,135306335425
-495,0 -62658,0 -13032,506 13962,769069563663
-495,0 -60186,0 -11216,644 13002,801589090874
-495,0 -66114,0 -11759,908 13684,215350524704
-495,0 -60482,0 -12529,574 13816,512676233608
-495,0 -57128,0 -10987,232 12716,06131057003
-495,0 -60861,0 -12003,988 13295,555577254228
-495,0 -67645,0 -12418,704 13618,444919607522
-495,0 -79243,0 -11980,764 14219,017351149974
-495,0 -65410,0 -12546,292 14211,19784630191
-495,0 -64869,0 -11869,434 13577,770908423963
-440,0 -84398,0 -12419,544 14315,05784969323
-440,0 -68434,0 -14091,808 15170,783116870934
-440,0 -65583,0 -14565,71 15391,421600940574
-440,0 -70744,0 -14151,554 15095,969494771913
-440,0 -66944,0 -12366,994 14078,423362790458
-440,0 -63156,0 -11184,506 13323,71305657564
-440,0 -70212,0 -11577,178 13637,30847984
-440,0 -53553,0 -11467,502 12751,427357986082
-440,0 -73895,0 -13167,204 14523,8512860186
-440,0 -57588,0 -11384,614 13201,622557436027
-440,0 -57334,0 -11134,162 12907,171294894788
-439,0 -64158,0 -12188,578 13686,563402400032
-439,0 -62646,0 -11881,628 13006,888092915076
-439,0 -64612,0 -11551,772 13124,244535058624
-439,0 -61037,0 -11159,022 12730,969255383343
-439,0 -59546,0 -12309,122 13996,654947776486
-439,0 -65786,0 -12932,684 13970,58994860789
-439,0 -69903,0 -11885,766 13039,339564228098
-439,0 -68258,0 -11963,26 13454,645512996614
-439,0 -57466,0 -12440,928 13451,211588656837
-439,0 -68545,0 -12938,798 13496,917668460303
-438,0 -71013,0 -13897,938 14104,235572272471
-438,0 -74683,0 -13338,788 13683,339674036315
-438,0 -78662,0 -13338,434 13714,432258669845
-438,0 -76794,0 -13199,436 13781,470735806979
-438,0 -70790,0 -13172,91 13977,00846325493
-438,0 -62572,0 -12950,556 13942,929074296544
-438,0 -64789,0 -12411,664 13385,225832801778
-438,0 -61442,0 -12557,522 13324,030314342433
-438,0 -80606,0 -12657,548 14099,734550540155
-438,0 -78654,0 -12619,72 13547,086512663896
-438,0 -57420,0 -11456,248 12467,113983536687
-438,0 -61046,0 -11527,218 12701,426106799032
-438,0 -55282,0 -12599,2 12517,43745628472
-438,0 -66733,0 -12811,498 13383,85297655335
-438,0 -65485,0 -12068,37 12965,00114358268
-438,0 -78218,0 -13152,046 13800,215141072404
-438,0 -74832,0 -13427,824 13798,17445856603
-438,0 -68768,0 -12921,656 13084,753939821105
-438,0 -70203,0 -14292,334 14890,299011989111
-430,0 -65071,0 -11567,936 12789,429574766176
-430,0 -65688,0 -12420,52 13002,890419195266
-430,0 -70057,0 -11204,07 12079,64229325935
-430,0 -61110,0 -11869,336 13423,847873955667
-430,0 -63060,0 -11765,208 13131,059410296491
-430,0 -62272,0 -12438,288 13364,287523285922
-430,0 -93833,0 -13002,592 14427,05014760591
-430,0 -64808,0 -13024,098 13190,438516758866
-430,0 -62108,0 -13829,838 14155,788488521439
-430,0 -61865,0 -12517,798 12875,229783160994
-430,0 -58988,0 -13507,312 13824,868828985536
-430,0 -58791,0 -12596,158 12824,885663936187
-430,0 -67760,0 -11835,742 12209,005520165667
-430,0 -59515,0 -13016,286 13654,197504071926
-430,0 -56637,0 -12712,492 13461,914209277074
-430,0 -52173,0 -12709,762 13176,935308384724
-430,0 -67319,0 -13243,02 13895,62289052203
-430,0 -66046,0 -13935,61 14600,767764261584
-430,0 -67163,0 -12681,402 13375,3618125416
-430,0 -70071,0 -12630,4 13805,594671291792
-430,0 -71828,0 -12847,788 13850,309128934856
-430,0 -75866,0 -12913,658 13308,400405647399
-430,0 -68780,0 -13389,392 13438,937052249925
-430,0 -67127,0 -12958,66 13495,996993790412
-430,0 -68622,0 -13243,322 13737,793166674035
-430,0 -67393,0 -14356,626 14374,201282510418
-430,0 -83917,0 -14074,608 15618,875783433836
-430,0 -66813,0 -12239,334 12919,067965238202
-430,0 -76135,0 -12498,746 13891,285658911625
-430,0 -65697,0 -12539,764 13971,428082780361
-430,0 -72571,0 -12625,156 13813,8724185387
-430,0 -67301,0 -13054,596 14095,642493082181
-430,0 -69284,0 -13593,486 14364,510169922403
-430,0 -59691,0 -13972,002 14526,749264374195
-430,0 -62305,0 -12822,974 12887,395567504089
-430,0 -60447,0 -13468,996 13239,9899925938
-430,0 -61962,0 -13721,936 14332,309865053292
-430,0 -63352,0 -12927,062 13987,781010373157
-430,0 -70940,0 -12608,244 13346,41061845709
-430,0 -68757,0 -13115,146 14022,247294377748
-430,0 -72488,0 -13945,408 14695,967920675932
-430,0 -65534,0 -11572,518 12369,970215714993
-430,0 -69487,0 -12666,822 13870,097467945778
-430,0 -62936,0 -12406,748 13311,832731840344
-430,0 -61003,0 -13565,482 13857,697482687225
-430,0 -64517,0 -13104,88 13249,599409853861
-430,0 -68536,0 -12857,908 12864,2389767734
-430,0 -67645,0 -13750,274 13894,208149114653
-430,0 -75476,0 -13261,062 13657,194348992622
-430,0 -71584,0 -12539,276 13675,782538773568
-430,0 -61704,0 -12983,89 14260,794204738395
-430,0 -74769,0 -12409,002 14033,50153945893
-430,0 -55508,0 -12296,672 13029,534818266387
-430,0 -56550,0 -12805,75 13460,539109244473
-430,0 -63264,0 -12644,228 13021,64890511244
-430,0 -57394,0 -12915,322 13582,408774378573
-430,0 -66532,0 -13149,666 14004,96145908456
-430,0 -59240,0 -13165,3 13550,415949704271
-430,0 -66494,0 -13772,968 14374,91864655157
-430,0 -86017,0 -14276,824 14525,966996555655
-430,0 -71604,0 -13325,878 13483,851037560291
-430,0 -79097,0 -14049,55 14184,821744650157
-430,0 -61021,0 -13378,244 13355,71764078831
-430,0 -65547,0 -13911,27 14179,892229389465
-430,0 -63333,0 -13544,928 14297,445557260075
-430,0 -65596,0 -12606,954 13863,244393571222
-430,0 -67471,0 -13222,278 13613,100091188486
-430,0 -74609,0 -12981,104 13618,41163209514
-430,0 -67898,0 -12775,16 12921,221589555686
-430,0 -56629,0 -12999,898 13762,10742653886
-430,0 -60372,0 -12752,934 13677,728960380957
-430,0 -59043,0 -11810,394 12716,751503696378
-430,0 -66822,0 -11562,524 13472,5656119918
-430,0 -70580,0 -11511,042 12637,196852001476
-430,0 -61633,0 -11948,502 13135,204657331991
-430,0 -68635,0 -12250,648 13194,232672955863
-430,0 -58570,0 -12352,102 13547,230481821589
-430,0 -70571,0 -12168,252 12954,674754253623
-430,0 -59015,0 -11552,418 12511,046248786553
-430,0 -74813,0 -12187,702 13199,683508826867
-430,0 -56638,0 -13049,056 13297,244676129869
-430,0 -76889,0 -13234,876 14329,708135221175
-430,0 -74701,0 -12598,448 13199,811976209956
-430,0 -77890,0 -14059,15 14394,452140998646
-430,0 -78310,0 -14230,35 14163,302986927183
-430,0 -58609,0 -12485,512 12959,918949818164
-430,0 -56731,0 -13312,126 13007,88916781366
-430,0 -68050,0 -13652,49 13617,017542835878
-430,0 -67019,0 -13252,002 13042,367466453165
-430,0 -60299,0 -14164,082 14352,97827293262
-430,0 -60977,0 -13410,056 13146,412572594245
-430,0 -58292,0 -12692,254 12865,287642391988
-430,0 -57538,0 -12085,44 12987,535936366065
-430,0 -60390,0 -13194,426 13770,202702811752
-430,0 -74393,0 -11457,622 12776,914824601277
-430,0 -56735,0 -12646,878 13596,269207364048
-430,0 -64202,0 -13050,128 13525,903784650254
-430,0 -58012,0 -12749,802 14103,395259964742
-430,0 -66503,0 -12706,824 13402,389939448265
-430,0 -67892,0 -13457,572 14187,653718808342
-430,0 -54570,0 -11792,812 12656,279682460245
-430,0 -61575,0 -11895,554 12620,800229109254
-430,0 -64502,0 -13109,506 13673,348179358414
-430,0 -67270,0 -12366,144 13001,387255184107
-430,0 -59861,0 -12866,262 13512,004270179754
-430,0 -67813,0 -13079,84 14025,900354501311
-430,0 -76517,0 -12482,704 13044,09539923654
-430,0 -73947,0 -13826,712 14597,93195343286
-430,0 -64975,0 -13346,03 13903,101935075507
-430,0 -63640,0 -13781,648 14153,037529947274
-430,0 -62026,0 -13500,88 13611,247347161107
-430,0 -64170,0 -13958,966 13788,59484069511
-430,0 -72231,0 -12818,044 12909,326679965301
-430,0 -59632,0 -13594,936 13503,458684348396
-430,0 -73091,0 -14853,734 14796,932349350122
-430,0 -71054,0 -14457,424 14973,285497051873
-430,0 -65605,0 -12903,256 13491,703836745897
-430,0 -59688,0 -13598,732 13835,357013976034
-430,0 -70151,0 -13676,404 14356,805405687714
-430,0 -73524,0 -13116,892 14037,602924443192
-430,0 -70864,0 -13832,578 14392,930513690259
-430,0 -72636,0 -13811,926 14523,831787256551
-430,0 -62217,0 -13335,71 13815,115452065535
-430,0 -57339,0 -12855,986 13915,947835551982
-430,0 -73137,0 -13741,42 13989,8254596546
-430,0 -97354,0 -13130,168 14048,209948309284
-430,0 -60921,0 -14248,754 13269,707434359054
-430,0 -76211,0 -14460,052 14372,796479784158
-430,0 -67283,0 -12863,544 14278,055935457873
-430,0 -56523,0 -12907,782 12585,547385571914
-430,0 -72113,0 -13302,208 13606,145625148072
-430,0 -59561,0 -13401,924 13622,434621690205
-430,0 -57896,0 -13378,696 13586,280023302335
-430,0 -67873,0 -13967,704 13654,48765206458
-430,0 -58925,0 -13540,4 13080,63681385583
-430,0 -60346,0 -13972,88 13733,06304760887
-430,0 -67432,0 -13548,724 13017,336042210167
-430,0 -61151,0 -13409,392 13151,727478560982
-430,0 -67814,0 -12568,05 13414,289752182178
-430,0 -59533,0 -12578,384 12274,491319828448
-430,0 -62725,0 -13132,426 13550,75617449167
-430,0 -60595,0 -12967,694 13904,640690228713
-430,0 -67596,0 -12902,206 12958,587040706405
-430,0 -55406,0 -12709,358 12880,106299943178
-430,0 -58171,0 -11908,748 13223,786018856174
-430,0 -64079,0 -11762,722 13061,785861845843
-430,0 -58222,0 -11222,778 12317,532635747955
-430,0 -64872,0 -12536,048 13333,148408147867
-430,0 -55982,0 -13319,36 12905,41953221204
-430,0 -65038,0 -13339,902 13624,06642718671
-430,0 -56283,0 -12606,11 12246,380510579438
-430,0 -62395,0 -12725,328 12630,867287261635
-430,0 -58296,0 -13338,88 13084,839631023378
-430,0 -64857,0 -13213,832 13356,577608495973
-430,0 -59873,0 -14083,424 13952,842707642916
-430,0 -67161,0 -14183,546 14113,009278955491
-430,0 -64055,0 -13426,29 13232,675231482866
-430,0 -58267,0 -13228,566 12541,20281941267
-430,0 -63410,0 -14190,896 14173,227263442297
-430,0 -63126,0 -14386,47 13506,827463956886
-430,0 -58639,0 -13276,792 12955,844093718324
-430,0 -63928,0 -14342,966 13676,97177875439
-430,0 -78354,0 -12826,372 13026,248838465199
-430,0 -83407,0 -13737,816 13747,213855692507
-430,0 -61265,0 -13388,396 13376,127403818491
-430,0 -54782,0 -13785,336 13392,027417351865
-430,0 -55864,0 -12767,754 12320,97261475262
-430,0 -64187,0 -12005,222 12297,499251665602
-430,0 -62486,0 -13011,386 13663,32896584885
-430,0 -69260,0 -13522,464 14411,619890931905
-430,0 -57970,0 -12307,166 13497,485795156223
-430,0 -59459,0 -11705,288 12279,481833736143
-430,0 -70203,0 -12944,204 13484,74598093654
-430,0 -73640,0 -13025,134 12909,6149088981
-430,0 -61894,0 -12960,674 13199,322444872842
-430,0 -68583,0 -13334,344 13959,142736202111
-430,0 -63417,0 -13278,634 13127,19813974193
-430,0 -68558,0 -13473,828 13184,545623358283
-430,0 -61543,0 -13077,412 13022,352030038817
-430,0 -68065,0 -12996,002 13658,530405647456
-430,0 -81140,0 -13653,094 13875,088182968926
-430,0 -63068,0 -13449,16 13308,687185984947
-430,0 -73315,0 -13567,828 13796,16276282706
-430,0 -60244,0 -13773,364 13567,96258557282
-430,0 -69208,0 -13815,468 14195,303214548667
-430,0 -67871,0 -13240,574 14079,42083114656
-430,0 -58941,0 -12483,43 12875,509875150572
-430,0 -60057,0 -12496,612 13038,659546650339
-430,0 -64324,0 -12899,142 13286,607630310906
-430,0 -63230,0 -13754,744 13496,814395644034
-430,0 -63293,0 -12257,242 12357,989917920957
-430,0 -67038,0 -13496,926 12834,410952767717
-430,0 -66577,0 -13578,862 13331,027346268404
-430,0 -69588,0 -13983,58 13323,855891880548
-430,0 -62822,0 -13604,022 13257,650448307806
-430,0 -63412,0 -13667,712 14029,46395872116
-430,0 -62831,0 -13211,486 13436,79236580681
-430,0 -69401,0 -14656,796 14609,588200301327
-430,0 -82356,0 -13195,804 13300,107038876937
-430,0 -65663,0 -13568,77 13165,678850902446
-430,0 -70633,0 -14680,422 14068,085922253817
-430,0 -67619,0 -14492,43 14002,270801020104
-430,0 -60911,0 -13956,656 13592,163645338598
-430,0 -61661,0 -13580,332 13468,481207388459
-430,0 -64985,0 -13771,598 13694,244964086049
-430,0 -61967,0 -13741,064 13982,232669924502
-430,0 -56615,0 -13236,884 13013,388021208923
-430,0 -70080,0 -12463,086 12330,337180410112
-430,0 -61795,0 -13704,354 13847,494061984073
-430,0 -58886,0 -12840,796 13088,988075416068
-430,0 -59008,0 -11917,44 12158,943968717018
-430,0 -65199,0 -14890,812 14335,931221677092
-430,0 -71365,0 -13183,02 12788,225746506041
-430,0 -64917,0 -13053,582 13312,039545587146
-430,0 -77275,0 -14075,646 13535,736332711416
-430,0 -64529,0 -13611,078 14066,79417606997
-430,0 -81040,0 -13296,46 13307,865846047584
-430,0 -69864,0 -13286,69 12967,053169394345
-430,0 -66480,0 -14195,076 14232,779931911546
-430,0 -58510,0 -13411,02 13414,416655061816
-430,0 -63954,0 -14768,194 14472,896974841078
-430,0 -91216,0 -13770,4 13440,680622498263
-430,0 -63585,0 -14329,21 14032,771894743393
-430,0 -77121,0 -13076,922 13861,370810129714
-430,0 -62387,0 -13990,526 13815,269399809911
-430,0 -73052,0 -13369,954 13471,964684183371
-430,0 -73031,0 -14114,496 14124,44189134508
-430,0 -65998,0 -13676,442 13697,240654914265
-430,0 -68815,0 -13528,422 13625,887117832584
-430,0 -73444,0 -14020,842 13965,478534480504
-430,0 -78409,0 -13215,326 13592,455403190552
-430,0 -59499,0 -13295,976 13551,234503890191
-430,0 -69178,0 -13206,936 12973,13793744227
-430,0 -64491,0 -13090,508 13488,791640837811
-430,0 -69793,0 -13881,046 13699,000599163579
-430,0 -62633,0 -13888,224 13570,209967197408
-430,0 -60628,0 -14057,844 13669,36552849707
-430,0 -67826,0 -13074,842 13299,864452731686
-430,0 -61950,0 -13921,65 13462,996856996597
-430,0 -85091,0 -13430,202 13396,352962996902
-430,0 -59336,0 -12618,952 12419,512748481564
-430,0 -59461,0 -12647,45 12756,675044364016
-430,0 -63705,0 -12341,832 12383,361931712085
-430,0 -62427,0 -12498,416 12763,815521345643
-430,0 -59806,0 -12994,92 13364,30594836859
-430,0 -63447,0 -13612,008 13913,998167598562
-430,0 -63124,0 -13467,222 13259,310319044353
-430,0 -57272,0 -13675,202 13042,412013473435
-430,0 -60848,0 -13273,122 13265,840355255139
-430,0 -68147,0 -12652,432 12695,670537209768
-430,0 -70993,0 -13368,286 13469,928039755967
-430,0 -59630,0 -13417,006 13880,179678878942
-430,0 -65703,0 -12076,224 12442,119167160557
-430,0 -73161,0 -12150,568 13269,622957619255
-430,0 -59585,0 -11960,968 12396,917971293342
-430,0 -58231,0 -13802,854 13242,986632051101
-430,0 -82732,0 -13264,27 14431,46927672646
-430,0 -69941,0 -13475,006 13871,427286258757
-430,0 -57502,0 -13114,186 13392,201721726113
-430,0 -60367,0 -13668,736 13513,683851056456
-430,0 -60302,0 -12197,306 12083,892945419699
-430,0 -72269,0 -12099,646 11725,68201550272
-430,0 -54675,0 -11687,94 11393,339296641701
-430,0 -62783,0 -12554,108 12769,08408619569
-430,0 -61377,0 -12032,954 12424,625516122573
-430,0 -59224,0 -12946,778 13138,835818165775
-430,0 -83599,0 -11981,452 12892,132988753105
-430,0 -60021,0 -12577,022 12978,156430460996
-430,0 -62015,0 -14269,518 13423,963897510903
-430,0 -59671,0 -12845,086 12260,624046540372
-430,0 -63984,0 -12786,674 12848,55684237432
-430,0 -67066,0 -12590,29 12886,927528387052
-430,0 -64242,0 -13507,736 13348,795595794543
-430,0 -66530,0 -13373,024 13646,49116804111
-430,0 -66163,0 -13448,324 13463,03183829794
-430,0 -57333,0 -13401,9 13970,95281954672
-430,0 -61591,0 -12236,172 12889,107103380586
-430,0 -62727,0 -13491,142 13303,855883984761
-430,0 -63814,0 -13911,374 14097,320267275058
-430,0 -65503,0 -13451,012 13293,60877293506
-430,0 -62781,0 -13463,804 13700,225609295056
-430,0 -75138,0 -14358,58 13630,30783906219
-430,0 -65351,0 -13611,766 13615,08020362876
-430,0 -61579,0 -13692,2 12924,259906238332
-430,0 -67887,0 -14430,012 13496,95388759463
-430,0 -71549,0 -15093,41 13875,226831079193
-430,0 -60860,0 -15690,866 13726,697931988012
-430,0 -65576,0 -14451,944 13962,575243015319
-430,0 -62149,0 -13670,59 12782,738906584142
-430,0 -61579,0 -14393,474 13746,656918586565
-430,0 -65112,0 -14356,468 14025,086389073547
-430,0 -64820,0 -14033,254 13451,722558002893
-430,0 -72560,0 -14774,02 14486,104944242257
-430,0 -59739,0 -13217,962 12864,340948861553
-430,0 -73325,0 -15364,854 14228,772745696797
-430,0 -57914,0 -14819,39 13369,01622520894
-430,0 -68588,0 -14805,43 13314,764770175248
-430,0 -65039,0 -14702,382 13545,26745310243
-430,0 -70059,0 -14741,974 14088,921684831814
-430,0 -71256,0 -14565,438 13597,700200333722
-430,0 -63867,0 -13777,698 12804,865139110057
-430,0 -56857,0 -13327,646 12414,508300238236
-430,0 -61951,0 -12891,612 12433,905172127375
-430,0 -65123,0 -13073,488 13213,28369807657
-430,0 -66283,0 -12921,31 13754,702169291053
-430,0 -74546,0 -12834,288 13819,413277742873
-430,0 -60106,0 -12889,784 13310,744351738716
-430,0 -60717,0 -13381,336 13376,460948812432
-430,0 -68654,0 -14348,156 14661,587464925622
-430,0 -65749,0 -14137,786 14168,949071833244
-430,0 -79350,0 -14199,694 14470,937440551807
-430,0 -64614,0 -13901,478 13990,68546231799
-430,0 -63191,0 -12977,246 13210,139372825859
-430,0 -63139,0 -13405,45 13679,328133775407
-430,0 -75383,0 -14173,076 14462,540031897022
-430,0 -63375,0 -13477,466 13498,682567600588
-430,0 -66974,0 -12965,974 13725,888419090552
-430,0 -61517,0 -14325,43 14121,56463374722
-430,0 -77620,0 -13603,758 13488,460125731033
-430,0 -66572,0 -13987,254 13481,763928117274
-430,0 -69529,0 -15105,2 14457,601761703065
-430,0 -91154,0 -15413,75 15072,769514309572
-430,0 -72141,0 -14400,3 14372,378145804529
-430,0 -61713,0 -13360,696 13159,81156337674
-430,0 -58533,0 -13358,15 13097,40143385322
-430,0 -62418,0 -14464,916 14037,909850720083
-430,0 -70172,0 -12541,512 13211,310986493965
-430,0 -59907,0 -12560,204 13547,089088892268
-430,0 -66738,0 -12858,784 13411,545463418597
-430,0 -61871,0 -13820,318 13501,898841158465
-430,0 -71556,0 -14422,558 14462,452231853218
-430,0 -67970,0 -13490,926 13201,19453339447
-430,0 -62786,0 -14234,86 13833,50136214257
-430,0 -58810,0 -14275,458 14000,720273622916
-430,0 -63473,0 -13100,912 12878,283481903014
-430,0 -64967,0 -13585,678 13784,862523301274
-430,0 -69435,0 -13706,432 14427,1348938511
-430,0 -65058,0 -14420,138 14361,861053601517
-430,0 -56577,0 -13515,45 13239,47610683669
-430,0 -71273,0 -13069,494 13146,657803790436
-430,0 -54352,0 -12959,36 12971,332088972204
-430,0 -58447,0 -13320,906 13300,68886250498
-430,0 -68938,0 -12888,232 12871,114151081716
-430,0 -72378,0 -13055,56 13678,023261509683
-430,0 -68245,0 -13609,56 13932,762843542556
-430,0 -63354,0 -13287,612 13007,482519129364
-430,0 -59677,0 -13830,684 13599,978731606301
-430,0 -58709,0 -13518,712 13576,086202328566
-430,0 -63204,0 -12390,538 13144,772503339724
-430,0 -61011,0 -12965,86 13331,576667611384
-430,0 -61027,0 -13164,664 13874,325348178343
-430,0 -66997,0 -12962,576 13523,687969049864
-430,0 -63121,0 -12083,148 12431,131090375326
-430,0 -68044,0 -13603,028 14026,84073079951
-430,0 -66413,0 -14363,088 14467,616196742843
-430,0 -69125,0 -14194,698 14481,219140486619
-430,0 -58764,0 -13004,176 12840,829495208789
-430,0 -71947,0 -12619,244 13529,199201891593
-430,0 -59730,0 -13037,864 13521,068169693692
-430,0 -62556,0 -13179,816 14038,276544011522
-430,0 -59415,0 -13210,636 13896,861902872315
-430,0 -66397,0 -13262,522 14189,160626954508
-430,0 -72493,0 -11921,198 13410,011968331572
-430,0 -58291,0 -11164,156 12722,291174614109
-430,0 -72625,0 -12821,742 13119,965179353032
-430,0 -71148,0 -12407,484 13813,66353483912
-430,0 -77383,0 -13270,512 14064,168312767595
-430,0 -65769,0 -13787,314 13838,689045982786
-430,0 -81757,0 -12051,138 13554,382330115825
-430,0 -55871,0 -11814,856 12115,359891446233
-430,0 -64706,0 -12935,996 13337,058440600165
-430,0 -59097,0 -13005,97 12814,873001988752
-430,0 -61662,0 -12552,968 12743,412045718997
-430,0 -52697,0 -10870,834 11409,270426738247
-430,0 -56465,0 -12239,696 12712,907314362992
-430,0 -61947,0 -13098,888 13331,011268896895
-430,0 -87569,0 -12825,746 13378,721709845227
-430,0 -63618,0 -14741,598 13563,747514768773
-430,0 -68553,0 -14348,914 14284,35465376731
-430,0 -58472,0 -13198,868 13327,738425050817
-430,0 -67705,0 -13006,248 13662,435776042861
-430,0 -58251,0 -12536,21 12864,126069263315
-430,0 -67164,0 -14358,542 14635,175955219533
-430,0 -58870,0 -13441,0 14067,844705426627
-430,0 -66436,0 -14155,624 13684,998519350462
-430,0 -70713,0 -13471,782 13588,194009303668
-430,0 -56741,0 -14609,184 14371,66606493986
-430,0 -68781,0 -13156,984 13349,9644245123
-430,0 -69599,0 -14000,974 14559,42141464845
-430,0 -87414,0 -14061,054 14342,066203552542
-430,0 -67211,0 -13256,866 13338,049233978856
-430,0 -63926,0 -13044,688 12929,286398044393
-430,0 -58876,0 -13125,77 12952,589915885552
-430,0 -82993,0 -14036,306 14770,264563519637
-430,0 -59234,0 -13765,076 13156,563140509914
-430,0 -65769,0 -13719,626 14121,157881920451
-430,0 -60098,0 -13560,288 13660,442584230417
-430,0 -56713,0 -13284,444 13257,199304787722
-430,0 -65795,0 -14188,354 14586,567736403384
-430,0 -83416,0 -14547,204 14535,32064202177
-430,0 -79647,0 -14444,42 13892,99571739659
-430,0 -60001,0 -13700,048 13226,590850468458
-430,0 -57639,0 -13826,806 13877,059553391127
-430,0 -73160,0 -13652,654 13934,756017895821
-430,0 -76952,0 -13532,884 13958,476070636938
-430,0 -80527,0 -14180,674 14227,697821352685
-430,0 -64987,0 -13282,886 13436,240258383441
-430,0 -60290,0 -13416,142 13537,515069533105
-430,0 -61698,0 -13260,958 13384,308527684054
-430,0 -66003,0 -13297,068 13134,607360228782
-430,0 -70457,0 -13987,608 14138,609118804296
-430,0 -59700,0 -13624,444 12460,495288505348
-430,0 -74166,0 -13421,426 13309,218186825401
-430,0 -68591,0 -13698,246 13549,616440530117
-430,0 -59709,0 -14670,556 13573,967817807152
-430,0 -59610,0 -15125,008 13578,02143229772
-430,0 -65275,0 -14732,608 13716,12670218294
-430,0 -81453,0 -14359,904 13132,536583569228
-430,0 -69904,0 -14381,884 13753,560393387017
-430,0 -64636,0 -13410,138 13553,484310204363
-430,0 -61009,0 -13276,384 13256,9731373547
-430,0 -64289,0 -13255,112 13284,977377453672
-430,0 -63611,0 -13553,748 13541,641049019723
-430,0 -62590,0 -14958,25 14013,47371280583
-430,0 -76665,0 -14995,848 14481,079161750893
-430,0 -65643,0 -14430,094 14132,039994040633
-430,0 -67187,0 -13833,086 13626,334120760579
-430,0 -78414,0 -13588,732 14077,385939448277
-430,0 -58962,0 -12952,656 13548,732720282887
-430,0 -58879,0 -12513,23 12754,437166457017
-430,0 -63505,0 -13199,474 13438,959555163632
-430,0 -54634,0 -12898,04 12800,530126615853
-430,0 -64326,0 -13332,92 13315,20305957066
-430,0 -56535,0 -12908,42 13233,733195119214
-430,0 -65491,0 -11731,118 12853,381180844048
-430,0 -68423,0 -13169,142 13269,15142086471
-430,0 -59011,0 -12645,832 13308,427147479744
-430,0 -79930,0 -12686,902 13422,280284228766
-430,0 -64287,0 -12310,554 13123,98866012479
-430,0 -55836,0 -11983,506 13234,873906387022
-430,0 -63084,0 -12745,736 13819,386425102379
-430,0 -60004,0 -12446,324 13285,01274184651
-430,0 -73015,0 -12620,148 13209,197514084495
-430,0 -58082,0 -13010,556 13410,539676943059
-430,0 -58744,0 -12082,138 13107,426116173838
-430,0 -61924,0 -11238,318 12020,858572534487
-430,0 -63648,0 -13670,438 14325,243868016907
-430,0 -65672,0 -14126,888 13938,943622651472
-430,0 -58240,0 -13130,45 13063,117071951072
-430,0 -61097,0 -14244,056 13618,78284814264
-430,0 -64624,0 -14342,966 13796,609642547837
-430,0 -62498,0 -13990,898 13208,313159960891
-430,0 -64264,0 -13604,426 13412,462070049784
-430,0 -55998,0 -13959,398 13586,294840301229
-430,0 -75962,0 -14362,672 14300,514500828855
-430,0 -76581,0 -14692,916 14824,44410171741
-430,0 -64670,0 -14131,142 14271,251994055612
-430,0 -68835,0 -14247,806 14586,411622203863
-430,0 -65293,0 -14488,648 14349,848155297526
-430,0 -62213,0 -14067,586 14259,864206737873
-430,0 -62688,0 -14168,96 13910,662920306848
-430,0 -78546,0 -14269,566 14595,612361173618
-430,0 -62258,0 -13549,372 14341,472451795738
-430,0 -68064,0 -13423,656 13918,39656518178
-430,0 -63851,0 -13880,838 13897,571980160987
-430,0 -63244,0 -13887,586 13394,249357489352
-430,0 -60037,0 -12771,0 13284,060398688347
-430,0 -70034,0 -13238,43 13880,687887316682
-430,0 -64413,0 -13513,792 13644,049795597199
-430,0 -65213,0 -14356,862 14107,849828055167
-430,0 -74588,0 -14319,834 15016,492579775211
-430,0 -77311,0 -14052,782 14226,0811038907
-430,0 -55962,0 -13455,84 13635,211072895054
-430,0 -57867,0 -12458,012 13408,67589957547
-430,0 -63472,0 -12986,568 13553,614765418708
-430,0 -60975,0 -12879,202 13607,253789255054
-430,0 -51624,0 -12680,512 12929,438054991253
-430,0 -61284,0 -12915,088 13311,233259028104
-430,0 -65652,0 -13766,676 13960,088048111436
-430,0 -80962,0 -12534,93 13078,083701716394
-430,0 -71082,0 -12434,062 13235,971618818017
-430,0 -65399,0 -12026,828 12327,490831406689
-430,0 -64819,0 -12312,394 13096,927042583842
-430,0 -64009,0 -14090,182 14367,41554215218
-430,0 -65214,0 -12855,8 13514,599208115631
-430,0 -66974,0 -12537,952 13517,433678834755
-430,0 -66006,0 -12374,532 13935,13845489078
-430,0 -72824,0 -11423,756 12135,760194419796
-430,0 -58911,0 -12567,61 12956,64427303227
-430,0 -56677,0 -12496,562 12864,472701908775
-430,0 -61291,0 -12836,88 13177,503471052472
-430,0 -61812,0 -12654,122 13289,086142813436
-430,0 -58216,0 -12651,576 13417,706403116143
-430,0 -71969,0 -12693,734 13828,64067489079
-430,0 -77727,0 -12624,488 14173,454167063725
-430,0 -61144,0 -13616,46 14018,338421524852
-430,0 -71878,0 -13553,572 14244,630194175494
-430,0 -59639,0 -12557,618 13142,066004098293
-430,0 -66874,0 -12312,852 13535,980997995535
-430,0 -62248,0 -13020,758 13656,37937769144
-430,0 -69016,0 -13019,766 13664,639721823763
-430,0 -55217,0 -11657,454 12148,605624016443
-430,0 -70114,0 -12171,478 12945,210536160304
-430,0 -55831,0 -12259,808 13066,823293637059
-430,0 -83564,0 -13950,688 14531,8085659926
-430,0 -54385,0 -11526,846 12276,385572239245
-430,0 -55966,0 -11628,858 12367,27149381932
-430,0 -58872,0 -12723,35 13461,936344356272
-430,0 -64417,0 -13460,486 13704,291100155595
-430,0 -69933,0 -12498,35 12871,726933380003
-430,0 -85100,0 -12656,864 13326,167597981948
-430,0 -65594,0 -12364,41 13262,710670217451
-430,0 -65727,0 -13344,788 14672,650762934974
-430,0 -64753,0 -13882,506 13802,258696096233
-430,0 -69200,0 -13219,846 13670,298307435874
-430,0 -70898,0 -12821,128 13522,398462093039
-430,0 -66910,0 -12974,59 14322,060782230326
-430,0 -64480,0 -12154,904 13138,907363201246
-430,0 -69212,0 -12761,994 13385,484384734233
-430,0 -60535,0 -12896,982 13519,838141400807
-430,0 -60104,0 -12541,066 13350,473538329796
-430,0 -64131,0 -11778,094 13083,07514421453
-430,0 -63403,0 -11862,924 13270,294718288065
-430,0 -55530,0 -12693,842 13636,395862728392
-430,0 -62508,0 -11440,004 12396,416310691733
-430,0 -56570,0 -11522,734 12601,593113699717
-430,0 -60248,0 -11264,834 12161,34776126577
-430,0 -68659,0 -11805,378 13635,526083107901
-430,0 -61525,0 -12365,238 13390,72053704938
-430,0 -58917,0 -11574,716 12528,708329725929
-430,0 -70037,0 -12182,722 13132,0400710901
-430,0 -63964,0 -12601,458 13224,294068427092
-430,0 -63072,0 -12592,504 13537,134258844595
-430,0 -61778,0 -12621,576 13008,953927669358
-430,0 -64102,0 -14468,356 14469,145411988362
-430,0 -75255,0 -13516,162 13906,685464759601
-430,0 -60618,0 -12781,294 13413,319900142698
-430,0 -69102,0 -12766,382 12887,065353294207
-430,0 -65987,0 -11952,57 13109,40292771184
-430,0 -62677,0 -12760,062 13535,676258471754
-430,0 -60417,0 -12416,352 12465,034464296357
-430,0 -71360,0 -12412,404 12904,844933155298
-430,0 -61708,0 -12593,328 12838,743544615883
-430,0 -64679,0 -12910,09 13361,800349425219
-430,0 -64725,0 -12045,88 12594,015717061813
-430,0 -67967,0 -11558,018 13016,558056939477
-430,0 -74939,0 -11780,496 13208,824463743316
-430,0 -54480,0 -11981,968 12392,290460402226
-430,0 -67205,0 -13417,01 13900,084860816492
-430,0 -79795,0 -13664,608 14394,562478600585
-430,0 -65787,0 -13779,642 14179,924377860267
-430,0 -59716,0 -12898,668 12987,075618543848
-430,0 -69995,0 -13018,722 13451,970005642892
-430,0 -69422,0 -12638,818 13389,710339095307
-430,0 -54944,0 -11462,96 12573,858156604125
-430,0 -61659,0 -11817,336 13685,7779461419
-430,0 -70705,0 -11851,08 13118,909074218023
-430,0 -60095,0 -11671,774 13143,309388845872
-430,0 -57277,0 -12144,704 13084,806150202767
-430,0 -77315,0 -12500,52 13704,014809157203
-430,0 -66758,0 -12046,948 13503,27962879004
-430,0 -65110,0 -12384,292 13507,277306057491
-430,0 -67109,0 -13382,304 14432,041995905636
-430,0 -59530,0 -12069,188 12913,133868145884
-430,0 -60934,0 -13112,636 13771,50104249729
-430,0 -62781,0 -12760,294 13370,178773807178
-430,0 -56450,0 -12809,78 13112,418599312641
-430,0 -69155,0 -11650,318 12409,543525886675
-430,0 -58706,0 -12389,51 12963,626392252288
-430,0 -61946,0 -12314,846 12625,344986901699
-430,0 -59641,0 -12190,578 13016,206782158777
-430,0 -60914,0 -12498,046 12832,313077535318
-430,0 -69971,0 -13092,182 13176,320317177931
-430,0 -69441,0 -12567,702 13366,95826451164
-430,0 -58804,0 -12172,584 12741,276139341142
-430,0 -66241,0 -13375,644 13868,817063659902
-430,0 -62646,0 -12662,31 13575,59257984343
-430,0 -62238,0 -13046,884 13777,856911237828
-430,0 -68741,0 -13349,056 13712,152577362318
-430,0 -66261,0 -13926,63 14741,763269470179
-430,0 -62412,0 -12148,102 12991,19881595213
-430,0 -58791,0 -12649,724 13544,606980633436
-430,0 -58133,0 -12073,862 12265,217282826918
-430,0 -69297,0 -12731,446 13779,278193834538
-424,0 -77547,0 -11614,272 12797,378195943731
-424,0 -63184,0 -12192,754 12844,452594543836
-424,0 -68727,0 -12642,386 14645,547190631143
-424,0 -62827,0 -11754,914 13419,342068469823
-424,0 -56541,0 -11524,1 12909,220766335986
-424,0 -59243,0 -12761,866 13140,509512954364
-424,0 -61942,0 -13864,244 14646,577297254944
-424,0 -57727,0 -12934,488 13219,77271990165
-424,0 -67301,0 -12908,226 13738,247367074298
-424,0 -65379,0 -12876,098 13642,122102238933
-424,0 -81358,0 -12632,05 13784,100031685046
-424,0 -66400,0 -12230,11 13161,749480897286
-424,0 -61249,0 -13635,752 14199,110753089297
-424,0 -65056,0 -12402,008 13213,433949883589
-424,0 -70165,0 -12175,554 13746,013791317244
-424,0 -63432,0 -12461,534 13839,611270871877
-424,0 -68600,0 -13159,618 14785,750586834474
-424,0 -82178,0 -13109,426 14277,559683521691
-424,0 -66429,0 -11890,946 13755,830814861172
-424,0 -57292,0 -12370,806 13525,766128259203
-424,0 -61729,0 -11658,128 13322,921811360146
-424,0 -58153,0 -12147,588 13069,74388357538
-424,0 -78513,0 -12051,444 13795,26008304534
-424,0 -59452,0 -12556,732 13207,008889683382
-424,0 -66408,0 -12792,906 13705,838949920728
-424,0 -64935,0 -12963,746 13343,442613564303
-424,0 -70790,0 -13575,114 14255,642654787762
-424,0 -74097,0 -12988,902 13688,330226159655
-424,0 -69542,0 -12861,854 13866,958127891063
-424,0 -66343,0 -13389,264 13657,8281997653
-424,0 -56582,0 -13759,336 13036,582964224326
-424,0 -88495,0 -13948,426 14217,201345571631
-424,0 -61065,0 -12048,784 12021,96665580736
-424,0 -64459,0 -12749,416 12152,69334521957
-424,0 -62935,0 -13267,612 13313,317947283316
-424,0 -66483,0 -13401,466 13202,71862370944
-424,0 -63141,0 -13371,872 13063,68731620655
-424,0 -65049,0 -13918,182 13930,349907338154
-424,0 -61464,0 -12837,772 13214,002557136728
-424,0 -72478,0 -14171,366 14884,744598011896
-424,0 -60308,0 -13713,126 13882,23668657626
-424,0 -62100,0 -12654,302 13727,395013140544
-424,0 -58740,0 -12681,856 12884,92462450844
-424,0 -72268,0 -13809,302 13989,072616109896
-424,0 -76946,0 -12624,372 13445,17858318051
-424,0 -55906,0 -12099,842 12154,046541503609
-424,0 -66434,0 -12658,88 12992,809339230684
-424,0 -65692,0 -13088,832 13862,751543895458
-424,0 -64859,0 -13320,524 13537,506945572512
-424,0 -69550,0 -13377,342 13567,567483268185
-424,0 -58138,0 -13424,148 13042,872069988885
-424,0 -73923,0 -12535,72 12974,845367001499
-424,0 -65598,0 -13282,51 13781,36979367073
-424,0 -66668,0 -13896,044 13443,22289609392
-424,0 -71641,0 -13297,084 12728,153852501313
-424,0 -63553,0 -13728,986 13460,03425128643
-424,0 -60369,0 -14026,702 13310,37380786866
-424,0 -59081,0 -12457,184 12154,357985765599
-424,0 -58868,0 -12704,17 12130,430712926076
-424,0 -74589,0 -13696,56 14012,478333485476
-424,0 -60211,0 -13500,956 12842,501863813928
-424,0 -62933,0 -12547,372 12480,86704718931
-424,0 -63681,0 -12609,564 12446,115086640653
-424,0 -58953,0 -13125,6 12775,259131618437
-424,0 -57476,0 -13289,652 13356,65319931965
-424,0 -63525,0 -13125,192 13363,106478028829
-424,0 -62245,0 -12651,684 12895,373827080159
-424,0 -68413,0 -12717,098 13250,758299674628
-424,0 -72561,0 -12016,552 13003,921179986293
-424,0 -55964,0 -12119,152 12641,48412762109
-424,0 -67150,0 -14196,342 13970,82865291233
-424,0 -66994,0 -13865,25 14354,74310600855
-424,0 -62265,0 -13654,576 13447,312627593074
-424,0 -64070,0 -13267,164 13534,926166666151
-424,0 -71456,0 -13392,424 13784,72950595057
-424,0 -66207,0 -13721,862 13414,259840295175
-424,0 -75397,0 -13795,96 14064,876752904733
-424,0 -58342,0 -12874,552 13129,791123521198
-424,0 -61699,0 -13005,732 12887,458871793768
-424,0 -63054,0 -12550,5 13063,729453796876
-424,0 -72517,0 -12707,86 13576,339257708612
-424,0 -82972,0 -12113,212 12888,781149629936
-424,0 -61946,0 -12441,192 12981,01227852189
-424,0 -61208,0 -12294,998 12573,746272372291
-424,0 -74959,0 -13047,862 13995,532048441597
-424,0 -66893,0 -12219,956 12998,122380638826
-424,0 -58333,0 -12253,918 13307,861468593523
-424,0 -68203,0 -12865,51 13858,765208556631
-424,0 -74715,0 -13864,844 13770,011206809677
-424,0 -69365,0 -13746,522 14204,24181973526
-424,0 -64039,0 -13526,19 13297,41872371853
-424,0 -67111,0 -13878,456 14030,173298147956
-424,0 -88851,0 -13176,416 13864,0037072609
-424,0 -69755,0 -13993,896 14159,770495215804
-424,0 -74281,0 -12532,896 13336,75641035646
-424,0 -65792,0 -12057,668 12955,53785289426
-424,0 -63375,0 -12357,936 12768,197230615759
-424,0 -68672,0 -12877,606 13502,951650463836
-424,0 -61767,0 -12335,812 12782,920251048112
-424,0 -60262,0 -12335,26 12519,586737923904
-424,0 -67838,0 -11305,916 12705,991875683849
-424,0 -66581,0 -12154,862 13098,99222852491
-424,0 -57467,0 -12131,27 12866,363803075832
-424,0 -69349,0 -12346,592 13200,111240043998
-424,0 -64552,0 -12144,478 13289,83418668254
-424,0 -58884,0 -12365,514 13420,975444199428
-424,0 -66946,0 -11196,722 12938,623694223279
-424,0 -63550,0 -12749,286 13703,355700272978
-424,0 -68410,0 -12055,942 13868,451509185734
-424,0 -66527,0 -12258,424 13150,538262452379
-424,0 -57846,0 -12244,16 12736,010267678019
-424,0 -65638,0 -12443,062 13135,537228989002
-424,0 -82377,0 -12999,636 13399,558593756137
-424,0 -57655,0 -13236,248 13103,585317862286
-424,0 -65115,0 -13254,834 13766,413554388226
-424,0 -59702,0 -12469,856 12850,30513378044
-424,0 -59360,0 -12770,348 13521,78334388242
-424,0 -67000,0 -13475,846 13553,474855928425
-424,0 -75715,0 -12687,22 13694,025216699429
-424,0 -60638,0 -12730,2 13046,158192510151
-424,0 -69400,0 -14037,212 14304,480474140131
-424,0 -63020,0 -12628,434 13559,262636354684
-424,0 -66050,0 -13113,312 13638,66224710679
-424,0 -80414,0 -12711,464 13582,738967553778
-424,0 -63284,0 -11229,668 12218,354255863433
-424,0 -52969,0 -10926,226 11779,949637198113
-424,0 -54757,0 -11876,658 12602,06507890814
-424,0 -88163,0 -12074,15 13210,690358626238
-424,0 -64175,0 -12494,686 12895,534330278988
-424,0 -74225,0 -13031,08 13655,425417232536
-424,0 -69261,0 -12210,606 12739,248440577809
-424,0 -63327,0 -12851,022 13025,96982898072
-424,0 -54836,0 -13151,978 13183,015750939385
-424,0 -76087,0 -12863,908 12917,792259033122
-424,0 -85826,0 -13717,084 13997,539572972955
-424,0 -63151,0 -13982,762 13622,582573702979
-424,0 -62402,0 -13638,698 14234,786456100981
-424,0 -64099,0 -13787,554 13762,324370362878
-424,0 -70061,0 -13772,858 13806,744988078688
-424,0 -72263,0 -12696,45 13170,57497239584
-424,0 -66796,0 -12299,544 12867,169158446004
-424,0 -64622,0 -11472,098 12358,249993765137
-424,0 -64453,0 -11961,138 13273,496208571276
-424,0 -76563,0 -12239,838 13128,822469504106
-424,0 -59685,0 -11839,296 12635,293785440206
-424,0 -63944,0 -12404,736 12780,474318987697
-424,0 -54515,0 -11577,158 12464,630743388912
-424,0 -64222,0 -11781,794 12878,111440407862
-424,0 -87810,0 -11934,43 13538,662424815086
-424,0 -62922,0 -12770,266 14205,027942360559
-424,0 -59300,0 -12996,786 13859,916095568688
-424,0 -64791,0 -12723,996 14381,174338140267
-424,0 -67291,0 -12596,274 13482,835776160884
-424,0 -58238,0 -11785,432 12873,55758511904
-424,0 -61726,0 -11618,84 13291,724280257995
-424,0 -70782,0 -12498,25 13891,027974469707
-424,0 -62914,0 -12718,05 13892,029971588017
-424,0 -63000,0 -12707,934 13167,030118961684
-424,0 -60888,0 -12819,048 13560,891444064284
-424,0 -64627,0 -13322,804 13877,0794520167
-424,0 -67177,0 -12224,73 13042,286132312083
-424,0 -59483,0 -11730,052 12692,609724296106
-424,0 -58062,0 -12456,296 12843,240012099128
-424,0 -63319,0 -12484,968 13482,189931571802
-424,0 -59664,0 -12990,87 13894,036766077026
-424,0 -66988,0 -12398,772 13137,149545621223
-424,0 -58428,0 -12266,674 13222,387317111996
-424,0 -65375,0 -12688,596 13506,677621561268
-424,0 -61778,0 -13329,252 13585,8182149069
-424,0 -58157,0 -13384,356 13326,426558881567
-424,0 -57898,0 -13554,838 13440,921123782988
-424,0 -55597,0 -13275,368 13542,545579195072
-424,0 -70806,0 -13204,916 13796,889744755668
-424,0 -65161,0 -14223,436 14029,591447148556
-424,0 -70722,0 -14615,806 14613,695848359645
-424,0 -63218,0 -13642,868 13604,189096545806
-424,0 -58812,0 -12916,272 13259,189312247416
-424,0 -67892,0 -12992,618 13808,527755849858
-424,0 -65389,0 -12927,396 13746,522398453511
-424,0 -73581,0 -13623,32 13734,563969547775
-424,0 -74514,0 -13597,472 13332,63513748186
-424,0 -60917,0 -13624,12 14062,283665095087
-424,0 -66990,0 -13590,472 13659,484878179554
-424,0 -63162,0 -12890,428 12964,969038791267
-424,0 -67209,0 -13883,48 13719,785357854551
-424,0 -67296,0 -13466,202 12780,295558288006
-424,0 -67176,0 -13333,042 13203,474192205482
-424,0 -64051,0 -12690,71 12529,003566361529
-424,0 -58073,0 -12957,428 13252,460155941459
-424,0 -63571,0 -13110,52 12943,249798470246
-424,0 -66217,0 -13656,316 13694,25987588025
-424,0 -88609,0 -13534,654 13317,05196454095
-424,0 -66481,0 -13757,008 13765,622065709049
-424,0 -69605,0 -12666,934 13170,540168635607
-424,0 -58870,0 -12418,356 13522,315478543758
-424,0 -66106,0 -12685,49 13578,518444731002
-424,0 -52873,0 -12762,174 12889,148698797915
-424,0 -63886,0 -12036,514 12792,173465123276
-424,0 -60288,0 -11876,306 12697,028284144442
-424,0 -58949,0 -11800,194 12192,334008563086
-424,0 -57894,0 -12916,678 13014,960047972334
-424,0 -69179,0 -12947,23 12884,071283763527
-424,0 -60226,0 -14834,726 13959,890983776484
-424,0 -58125,0 -12765,11 12526,555054519178
-424,0 -70889,0 -12563,882 13057,752011432756
-424,0 -57478,0 -12831,036 12720,058983145635
-424,0 -67263,0 -13754,0 13803,140888073265
-424,0 -72268,0 -13295,998 13211,351062097929
-424,0 -66438,0 -13028,17 13496,96384499492
-424,0 -59560,0 -13034,542 13053,225466689675
-424,0 -61264,0 -13917,748 13395,253385453223
-424,0 -62811,0 -12552,062 12469,788705112684
-424,0 -61150,0 -13774,544 13046,46204026455
-424,0 -75941,0 -13145,894 13237,383640688355
-424,0 -75708,0 -13425,73 13256,446149896283
-424,0 -56368,0 -12965,644 13070,01629047432
-424,0 -60975,0 -13616,574 13299,989709339026
-424,0 -57308,0 -12944,728 12427,337387792128
-424,0 -62290,0 -13730,272 13600,75473736718
-424,0 -65714,0 -13376,656 13172,11585530829
-424,0 -82191,0 -13520,84 13466,771007721189
-424,0 -67193,0 -12321,888 13126,5339124788
-424,0 -69139,0 -13097,56 13585,936438626522
-424,0 -73295,0 -11997,454 12906,186020195275
-424,0 -63342,0 -12843,934 12585,641121438512
-424,0 -65227,0 -12993,946 12733,177868351795
-424,0 -65604,0 -13378,932 12813,082523552874
-424,0 -57994,0 -12962,49 12512,425799096674
-424,0 -59816,0 -13618,736 13527,32777714446
-424,0 -63262,0 -13634,514 13882,01788148265
-424,0 -62512,0 -13815,992 13662,232118945138
-424,0 -54817,0 -12867,492 13126,67322705703
-424,0 -69909,0 -13172,296 12934,581901568527
-424,0 -80128,0 -13165,426 13016,600509523365
-424,0 -58638,0 -13188,778 13222,363888833044
-424,0 -60800,0 -13083,38 12834,987149491037
-424,0 -64149,0 -12918,78 12933,328707475117
-424,0 -59867,0 -13646,382 13207,284931130847
-424,0 -64605,0 -12990,474 12626,010036164396
-424,0 -62955,0 -13542,12 13645,278464787743
-424,0 -62459,0 -13414,032 13621,575696628355
-424,0 -55033,0 -12474,194 12726,247664271039
-424,0 -55219,0 -13154,202 12877,620772533883
-424,0 -68621,0 -13089,202 13632,639426948692
-424,0 -62171,0 -12148,222 12975,643158961948
-424,0 -76382,0 -12660,258 13088,769475066632
-424,0 -58141,0 -12845,654 13345,35695836886
-424,0 -55843,0 -12451,756 12714,992567377456
-424,0 -67734,0 -13205,568 13268,995006758276
-424,0 -70061,0 -13198,268 13332,817775255768
-424,0 -68675,0 -13225,012 13339,724801353888
-424,0 -71304,0 -12662,26 13469,18748924373
-424,0 -67992,0 -12622,0 13536,840761566193
-424,0 -70958,0 -13402,86 13279,411692556263
-424,0 -73012,0 -12045,016 12883,41680222075
-424,0 -72710,0 -11698,296 12057,15398194715
-424,0 -60409,0 -12171,066 12553,28978800553
-424,0 -59592,0 -12841,944 13129,853962206274
-424,0 -58429,0 -12767,702 13109,750772810143
-424,0 -62061,0 -12818,84 13266,04392026502
-424,0 -62017,0 -12433,484 12492,851020233291
-424,0 -57539,0 -14062,336 13823,398292572783
-424,0 -74755,0 -13705,31 13598,46420320692
-424,0 -57932,0 -13573,262 13851,599583201787
-424,0 -65246,0 -13552,412 14449,94111040789
-424,0 -62914,0 -13053,45 14579,637472156144
-424,0 -62222,0 -13138,908 13765,096961356136
-424,0 -60300,0 -14060,054 14175,6777357234
-424,0 -70846,0 -13730,826 14479,811308567663
-424,0 -75085,0 -13235,7 14072,673621952566
-424,0 -60766,0 -12515,358 13071,169649493348
-424,0 -73748,0 -13596,14 13739,177305079074
-424,0 -61615,0 -13116,43 12898,204232725577
-424,0 -61522,0 -13865,032 14576,07062314724
-424,0 -72266,0 -13291,298 13264,563496217885
-424,0 -61167,0 -12568,842 13031,509151170334
-424,0 -68562,0 -12742,334 12738,913722073947
-424,0 -62641,0 -12995,928 13355,47051611496
-424,0 -69223,0 -13244,862 13291,719789814862
-424,0 -58719,0 -12847,134 13095,963849982332
-424,0 -61870,0 -13254,972 13312,05770297049
-424,0 -70051,0 -13432,428 14425,452220877374
-424,0 -55547,0 -12348,628 13204,880469190777
-424,0 -55210,0 -12476,71 12500,64212182318
-424,0 -60362,0 -13696,494 14236,557331249855
-424,0 -57891,0 -13793,486 13220,198197523523
-424,0 -66319,0 -14673,864 13884,875397838614
-424,0 -69646,0 -13479,508 13574,61255395291
-424,0 -54624,0 -12666,662 12494,454080581354
-424,0 -62365,0 -13437,356 13878,662684468702
-424,0 -68591,0 -14259,256 14289,635435883734
-424,0 -61177,0 -12697,426 12937,730548922556
-424,0 -64640,0 -13616,63 13867,175581678484
-424,0 -70168,0 -14186,334 14318,632626142908
-424,0 -66012,0 -13650,818 13416,927731223575
-424,0 -62303,0 -13010,294 13504,65002595639
-424,0 -56643,0 -13560,944 13558,46618658851
-424,0 -57301,0 -12342,73 12606,205461482052
-424,0 -61897,0 -10961,086 11945,904747762057
-424,0 -59542,0 -12169,518 13138,980637693166
-424,0 -58449,0 -12316,318 12414,250089831285
-424,0 -59518,0 -12095,282 12584,274595004503
-424,0 -60360,0 -11489,966 12650,210844284138
-424,0 -70598,0 -12900,106 13928,003528243527
-424,0 -68936,0 -11814,352 12842,085914994339
-424,0 -58128,0 -11425,522 11823,699378346697
-424,0 -69000,0 -12451,566 13331,887578195516
-424,0 -68559,0 -11602,856 13247,69167709092
-424,0 -55926,0 -11747,986 12701,584160481867
-424,0 -71663,0 -13067,41 13651,399613589076
-424,0 -64130,0 -13421,158 13562,594013279166
-424,0 -65081,0 -12324,992 13107,744832423918
-424,0 -58132,0 -12324,316 12865,847967706755
-424,0 -64920,0 -11837,846 12608,714216219028
-424,0 -64326,0 -12303,696 12855,405692065267
-424,0 -63060,0 -12329,716 12909,351198543794
-424,0 -58796,0 -12197,936 13393,441360453411
-424,0 -72112,0 -13639,852 14005,770466993103
-424,0 -82237,0 -13073,894 13025,46042145014
-424,0 -69176,0 -13255,926 13603,604924009074
-424,0 -65632,0 -13886,604 14381,750514008512
-424,0 -75471,0 -11860,098 12377,284160283143
-424,0 -70852,0 -12169,992 12997,311534772723
-424,0 -59600,0 -12872,24 13155,500358344414
-424,0 -70663,0 -12968,348 13531,68622895521
-424,0 -59884,0 -12881,416 13296,196873653158
-424,0 -69448,0 -13249,894 13169,655381321254
-424,0 -70084,0 -13848,468 13934,983653416171
-424,0 -65677,0 -13556,954 13701,602758067542
-424,0 -72255,0 -13577,916 14108,37681595385
-424,0 -65898,0 -13822,606 14227,021233510686
-424,0 -60488,0 -13397,258 13432,844673986076
-424,0 -80648,0 -13404,356 14280,08073875159
-424,0 -59732,0 -13584,306 13774,542614270857
-424,0 -64784,0 -14256,088 14328,750093300381
-424,0 -79100,0 -13109,682 13046,648324565043
-424,0 -64557,0 -12448,07 13160,740760348554
-424,0 -51153,0 -12560,324 12147,957086482651
-424,0 -63910,0 -13444,598 13984,937702985877
-424,0 -70953,0 -12616,854 13248,03216514377
-424,0 -60303,0 -13840,438 14066,566987369588
-424,0 -65703,0 -13407,924 14050,197887084154
-424,0 -57382,0 -13887,324 13630,479570397514
-424,0 -60460,0 -13974,768 14437,371044140125
-424,0 -64842,0 -12563,96 13227,174911159218
-424,0 -74455,0 -12380,514 13611,095525408824
-424,0 -64903,0 -13073,934 13403,992626141066
-424,0 -62138,0 -13113,84 13477,652213289957
-424,0 -60623,0 -13193,178 13527,720397403107
-424,0 -59476,0 -12756,79 12847,617547463806
-424,0 -61764,0 -13756,43 13863,156215707148
-424,0 -61193,0 -13680,624 13608,99955553765
-424,0 -65070,0 -13226,312 13815,33274788038
-424,0 -67625,0 -13857,802 13768,024972914447
-424,0 -60136,0 -12928,356 13080,117003194742
-424,0 -80105,0 -13872,858 13885,481832253286
-424,0 -70109,0 -13641,756 13936,590011350123
-424,0 -74146,0 -12318,054 13030,396505060166
-424,0 -59369,0 -12890,868 13664,081136270232
-424,0 -58927,0 -13329,36 13845,489649066234
-424,0 -63877,0 -12400,692 13542,338934214278
-424,0 -58703,0 -11462,878 12611,794954213141
-424,0 -62726,0 -12853,292 13869,316969005213
-424,0 -68752,0 -12757,366 13523,121613741552
-424,0 -77031,0 -13447,416 14253,379265947568
-424,0 -65060,0 -13510,624 13930,053643924848
-424,0 -66670,0 -13280,834 14139,89479290578
-424,0 -57468,0 -12307,112 12906,931799287393
-424,0 -65042,0 -12012,964 12987,20901513116
-424,0 -66806,0 -13384,15 13654,004532425657
-424,0 -64413,0 -12148,116 13021,136601024658
-424,0 -55246,0 -10960,866 12343,178056402005
-424,0 -54219,0 -11828,564 13093,34951576196
-424,0 -77529,0 -12257,656 12965,82510763059
-424,0 -73117,0 -12310,228 13377,08377382813
-424,0 -66013,0 -13037,086 14556,003452136307
-424,0 -59000,0 -12669,526 13471,542720020008
-424,0 -83704,0 -11505,112 12627,367512171968
-424,0 -52872,0 -12432,502 12883,113712841161
-424,0 -55807,0 -12077,262 13401,854781087437
-424,0 -65138,0 -12921,368 13759,912814279602
-424,0 -83791,0 -12466,572 12840,246511684109
-424,0 -66583,0 -12292,684 12917,18164338274
-424,0 -61282,0 -13574,344 13236,5000797667
-424,0 -64258,0 -12552,286 13382,443819579588
-424,0 -58221,0 -12651,27 12608,01335869771
-424,0 -67126,0 -12227,166 12530,110114218633
-424,0 -62438,0 -13250,766 12510,325690694233
-424,0 -64164,0 -14246,968 13509,464798687468
-424,0 -82239,0 -13545,588 13776,460510532303
-424,0 -76881,0 -12601,084 12956,037728447076
-424,0 -67997,0 -12186,72 12913,980435078878
-424,0 -61670,0 -12343,792 13361,23765228117
-424,0 -74792,0 -11462,248 12619,664207834376
-424,0 -67290,0 -11673,952 13242,165424948289
-424,0 -56751,0 -11581,956 12286,527834749082
-424,0 -64957,0 -11620,258 12507,317997533923
-424,0 -56762,0 -11743,284 12777,600488798515
-424,0 -57384,0 -12219,922 12344,649210889547
-424,0 -74266,0 -13934,328 13536,919467900221
-424,0 -60037,0 -12488,864 12997,055492129895
-424,0 -63410,0 -11733,334 12615,45432881607
-424,0 -60917,0 -12318,48 12288,474822108723
-424,0 -64956,0 -13340,522 13397,835023074282
-424,0 -60364,0 -12856,854 12664,925222072336
-424,0 -54159,0 -12743,852 12710,63319516759
-424,0 -55714,0 -11969,248 12650,186885516596
-424,0 -60395,0 -12268,436 13006,538633545208
-424,0 -61678,0 -12088,582 12206,880042962497
-424,0 -63327,0 -11663,068 11721,237266917515
-424,0 -62258,0 -11646,304 11665,656649652601
-424,0 -56656,0 -12325,444 12478,730884463517
-424,0 -61171,0 -12428,232 12679,835587821157
-424,0 -56535,0 -12945,952 12738,585152272448
-424,0 -73923,0 -13496,314 13879,544599280052
-424,0 -64085,0 -13393,664 13862,320946764441
-424,0 -60902,0 -12332,384 13118,668467056561
-424,0 -62584,0 -12290,574 12635,770600660802
-424,0 -67891,0 -13009,836 14314,730426840175
-424,0 -54307,0 -13145,998 13119,151899036622
-424,0 -61388,0 -12866,71 13263,36518421701
-424,0 -54491,0 -12653,78 12651,061890908602
-424,0 -64153,0 -13062,022 13084,731333944766
-424,0 -57893,0 -12141,084 12795,357956420918
-424,0 -67738,0 -12817,222 13369,193302391732
-424,0 -66213,0 -12303,902 13008,197652111377
-424,0 -64863,0 -13348,8 13917,318681125313
-424,0 -61551,0 -12892,482 14223,667782877805
-424,0 -58654,0 -12068,006 12381,097401036955
-424,0 -64164,0 -12110,594 12350,955583320834
-424,0 -67227,0 -12635,472 13016,356040044997
-424,0 -60784,0 -12741,224 13419,353943980463
-424,0 -63232,0 -13927,36 14304,616659610283
-424,0 -84303,0 -13100,976 13831,965627756019
-424,0 -57395,0 -12024,588 12266,909821232728
-424,0 -65770,0 -12520,464 13238,115551116178
-424,0 -57411,0 -13321,814 13800,15003365558
-424,0 -69491,0 -13087,742 13404,974753554587
-424,0 -60373,0 -12071,03 13006,274491532928
-424,0 -66231,0 -13346,78 13022,526368397184
-424,0 -57390,0 -12967,298 13366,882407098372
-424,0 -59916,0 -12592,842 12770,810478471449
-424,0 -73942,0 -12451,548 13044,30590685821
-424,0 -58144,0 -12264,576 12661,884872333343
-424,0 -65649,0 -12610,978 13071,04083084113
-424,0 -59676,0 -12607,106 13405,422235750875
-424,0 -63387,0 -12599,46 13657,32459863204
-424,0 -61828,0 -11861,026 13210,74890902571
-424,0 -63212,0 -11170,108 12286,616943826968
-424,0 -57115,0 -11641,228 12068,019941979546
-424,0 -65802,0 -12098,142 13334,68616675458
-424,0 -63078,0 -11330,962 12218,440771250474
-424,0 -58846,0 -11144,274 12258,019940223789
-424,0 -68644,0 -11322,914 12646,844596127688
-424,0 -60296,0 -12604,226 13085,45361502321
-424,0 -63732,0 -12749,058 13043,383611725754
-424,0 -60648,0 -12449,936 12575,717631368161
-424,0 -67205,0 -12807,16 13050,861167999601
-424,0 -57412,0 -13068,362 13374,740579127352
-424,0 -67226,0 -12392,578 12265,47759151335
-424,0 -60921,0 -12542,91 13230,19811710694
-424,0 -61378,0 -12042,396 12776,787609222603
-424,0 -59022,0 -12036,974 12471,495874566292
-424,0 -70062,0 -12122,978 12015,38107799815
-424,0 -56056,0 -12927,804 12735,726381702149
-424,0 -54770,0 -12067,156 12294,006623866118
-424,0 -70915,0 -13622,634 13707,496047055567
-424,0 -58130,0 -13555,222 12776,510638070007
-424,0 -67696,0 -13396,49 13018,158399324377
-424,0 -65527,0 -11667,856 12223,214456568454
-424,0 -58063,0 -12664,436 12097,38462651758
-424,0 -58786,0 -12390,244 12449,36255060732
-424,0 -73892,0 -13166,18 13233,470699087224
-424,0 -65416,0 -12720,05 12628,591384612135
-424,0 -58903,0 -12611,484 12726,046391623127
-424,0 -63835,0 -11917,108 12347,722432592009
-424,0 -64997,0 -12464,198 12529,601800647779
-424,0 -64878,0 -12132,648 12196,023795159466
-424,0 -58109,0 -11687,85 11966,142825802324
-424,0 -72228,0 -12065,768 12611,762402066412
-424,0 -65682,0 -12020,478 11893,734470784015
-424,0 -60935,0 -13277,004 12838,342379138512
-424,0 -62882,0 -12479,54 12627,074174344583
-424,0 -62760,0 -12846,42 12951,276774727656
-424,0 -60231,0 -12269,452 12121,302143734232
-424,0 -71821,0 -11610,614 12098,297174602878
-424,0 -65600,0 -12414,38 12755,929810390147
-424,0 -67739,0 -12724,196 13236,477904245674
-424,0 -54898,0 -12181,944 12351,191800505088
-424,0 -52989,0 -11940,588 12109,581794193227
-424,0 -72498,0 -12178,246 12139,556693120385
-424,0 -63905,0 -12032,17 12768,27860477285
-424,0 -63149,0 -12870,67 13324,503603403018
-424,0 -59362,0 -13586,892 14086,376943569845
-424,0 -80039,0 -12455,836 13690,035565078135
-424,0 -72415,0 -12959,942 13636,400842254377
-424,0 -67754,0 -13539,204 13679,123271846915
-424,0 -63505,0 -12207,892 12784,831244421486
-424,0 -70149,0 -12976,25 13276,049535893575
-424,0 -58216,0 -12988,37 13530,85971138199
-424,0 -79638,0 -12510,47 13689,779729020478
-424,0 -61624,0 -12619,378 13450,306352463356
-424,0 -61845,0 -11755,754 12936,969176491222
-424,0 -56716,0 -13282,874 13137,108342634763
-424,0 -67621,0 -12846,442 13055,277151199663
-424,0 -93956,0 -13195,66 13771,868011435494
-424,0 -64315,0 -13603,436 13604,910735536047
-424,0 -68499,0 -12481,912 12568,33562013109
-424,0 -58934,0 -13652,642 13386,803154967061
-424,0 -63951,0 -13390,174 13134,208835393327
-424,0 -75190,0 -13797,792 14334,748157422788
-424,0 -66184,0 -13115,742 13188,594525249317
-424,0 -65132,0 -13403,642 13104,346068149911
-424,0 -69251,0 -12850,534 12999,084899824446
-424,0 -58628,0 -13862,682 13634,137663852302
-424,0 -68110,0 -13013,152 13413,658597000898
-424,0 -61989,0 -14178,356 14601,932819639464
-424,0 -72086,0 -13152,312 12856,522924129056
-424,0 -77586,0 -13336,874 13361,513281440997
-424,0 -61611,0 -13444,31 13304,546695393268
-424,0 -62602,0 -12796,038 12431,80285511945
-424,0 -61888,0 -14613,778 13725,842611101005
-424,0 -58834,0 -14981,432 13656,58351482449
-424,0 -65729,0 -13313,01 13527,125500338203
-424,0 -67703,0 -14414,092 14037,630700639476
-424,0 -58954,0 -14402,866 13265,161889854331
-424,0 -79209,0 -13314,112 13037,355807197106
-424,0 -59421,0 -12920,45 13149,54755158898
-424,0 -69506,0 -13778,802 13308,761516189097
-424,0 -59907,0 -14374,252 13147,183875054607
-424,0 -64167,0 -14200,072 13855,457369961336
-424,0 -71130,0 -14111,326 13818,172879643816
-424,0 -58013,0 -13658,124 13523,922740115906
-424,0 -58782,0 -12678,582 12752,532242942028
-424,0 -59762,0 -13069,586 13673,987486413906
-424,0 -52652,0 -13609,888 12697,005724321629
-424,0 -87434,0 -14052,968 13770,180239451336
-424,0 -69876,0 -15023,092 14075,892061376991
-424,0 -65196,0 -14920,318 14276,27576789115
-424,0 -68039,0 -13138,314 13212,033947859958
-424,0 -62490,0 -12853,684 13435,016579526215
-424,0 -80500,0 -13093,79 13462,427859115907
-424,0 -59497,0 -13470,582 13164,05166152413
-424,0 -61306,0 -14383,202 13577,445591907044
-424,0 -60229,0 -14708,004 13447,041779662326
-424,0 -71763,0 -15267,196 14349,005310668193
-424,0 -60820,0 -14434,504 12881,796220946206
-424,0 -65730,0 -15666,556 14517,15426930719
-424,0 -58894,0 -14895,818 13760,621581777328
-424,0 -67758,0 -13943,758 13561,388594219841
-424,0 -55695,0 -14055,574 13266,664940388153
-424,0 -61798,0 -14631,078 14318,526922973466
-424,0 -72365,0 -14136,866 14344,065381754357
-424,0 -71816,0 -12455,466 12993,754180253072
-424,0 -62331,0 -12149,836 12974,502906743828
-424,0 -72592,0 -12651,346 13210,846640631475
-424,0 -70512,0 -12686,372 13276,216710404204
-424,0 -66194,0 -13151,748 12942,50931653117
-424,0 -54984,0 -13227,04 13518,779608026764
-424,0 -63269,0 -11210,072 11406,302154985025
-424,0 -58538,0 -11906,274 12089,9914231121
-424,0 -54217,0 -11987,754 11945,35870308984
-424,0 -77034,0 -12692,666 12627,039334952748
-424,0 -60733,0 -11982,83 11916,59882521435
-424,0 -54204,0 -13417,03 12955,856109925733
-424,0 -60704,0 -12635,68 12486,905457221976
-424,0 -65847,0 -11815,112 12069,103413736084
-424,0 -70225,0 -13149,854 13700,178632728986
-424,0 -81123,0 -12552,944 13024,635381801056
-424,0 -63020,0 -12376,482 12675,893738655117
-424,0 -71315,0 -12818,834 12700,398087085458
-424,0 -57331,0 -13000,878 12220,687536432477
-424,0 -59197,0 -13142,848 12506,44421348035
-424,0 -64095,0 -13171,41 13218,084920513258
-424,0 -55557,0 -13230,984 12967,926096633335
-424,0 -79831,0 -13875,932 13570,438479701972
-424,0 -61742,0 -12848,95 13334,822735660926
-424,0 -62146,0 -12999,696 13009,953207586259
-424,0 -57146,0 -12588,142 12478,180704487178
-424,0 -60059,0 -12302,516 12758,827802025702
-424,0 -61944,0 -11930,222 12631,9708631993
-424,0 -63241,0 -11705,8 11710,221878342
-424,0 -71353,0 -13282,576 13966,46429688717
-424,0 -59661,0 -11933,164 12393,727053356628
-424,0 -56183,0 -12228,884 12739,794192315041
-424,0 -57833,0 -11915,51 12502,241563251768
-424,0 -61326,0 -11332,012 12015,547445865961
-424,0 -60371,0 -11713,006 12530,275667756236
-424,0 -61957,0 -12588,99 12953,15125727712
-424,0 -63996,0 -12067,03 12929,903508885905
-424,0 -62302,0 -11020,324 12008,774803910013
-424,0 -63702,0 -12509,404 13119,826356197864
-424,0 -64156,0 -11865,748 12524,085063927665
-424,0 -58279,0 -10925,606 11874,38853932126
-424,0 -63911,0 -12452,324 13104,511167953737
-424,0 -60412,0 -11879,9 12465,400134853286
-424,0 -58087,0 -11687,47 12416,07560226258
-424,0 -66512,0 -11916,598 12847,955541190053
-424,0 -60171,0 -11792,204 12076,379211766412
-424,0 -62789,0 -11030,936 12139,60525057978
-424,0 -64036,0 -13267,512 13707,19015107969
-424,0 -76161,0 -13178,334 14008,345284381163
-424,0 -60527,0 -12170,378 12972,257358960931
-424,0 -64205,0 -11530,928 12926,89742431709
-424,0 -65759,0 -13314,866 14293,899437593796
-424,0 -60796,0 -12753,27 13424,634296140059
-424,0 -72191,0 -12792,26 13454,279834179157
-424,0 -73062,0 -12759,884 13495,811346730656
-424,0 -82897,0 -12626,558 13590,578850756727
-424,0 -75735,0 -12457,604 12622,638594809883
-424,0 -60332,0 -12917,558 13448,271340459936
-424,0 -64891,0 -13492,552 14412,97851116472
-424,0 -71374,0 -12077,948 12682,785136132201
-424,0 -57375,0 -12499,428 12761,8920233959
-424,0 -62636,0 -13171,998 12297,573484960196
-424,0 -65422,0 -13742,418 13055,189385346957
-424,0 -53625,0 -13701,316 13148,721871427051
-424,0 -74326,0 -14647,26 14384,505496554277
-424,0 -66642,0 -14661,496 14373,432395568714
-424,0 -64749,0 -13756,77 13810,057856833908
-424,0 -59394,0 -13989,628 13488,248913243558
-424,0 -73377,0 -13156,796 13206,580493011199
-424,0 -62871,0 -13523,594 12844,982803459257
-424,0 -59521,0 -14465,27 13797,49968048922
-424,0 -64182,0 -12989,572 12471,239899417218
-424,0 -62435,0 -14206,002 14265,151687311141
-424,0 -54428,0 -13101,554 12917,968783639475
-424,0 -59873,0 -13121,514 13478,174884672035
-424,0 -64262,0 -13704,394 14164,027855478265
-424,0 -55847,0 -13965,832 12982,467557278003
-424,0 -66698,0 -12889,734 12516,505350106476
-424,0 -63444,0 -12394,458 12210,747977918305
-424,0 -66226,0 -13629,868 13396,379251670056
-424,0 -64676,0 -14134,086 13758,798257355325
-424,0 -71673,0 -12979,542 12707,274112107447
-424,0 -55829,0 -13158,22 13119,422359829727
-424,0 -63071,0 -13586,794 13361,6851579269
-424,0 -64912,0 -13604,106 13253,355751007512
-424,0 -68550,0 -14493,944 14356,390505864068
-424,0 -64044,0 -14603,096 14306,576314086607
-424,0 -69525,0 -13636,758 14079,108379419344
-424,0 -64610,0 -13626,264 13557,532515554003
-424,0 -62825,0 -13519,166 13510,4685722755
-424,0 -56299,0 -13797,22 13187,070464344994
-424,0 -63530,0 -14134,754 14020,263144373717
-424,0 -58059,0 -14659,036 13992,981474107086
-424,0 -61083,0 -14652,15 14000,028536667358
-424,0 -57090,0 -13715,062 12839,924318864034
-424,0 -71428,0 -14249,458 14255,859058655009
-424,0 -69291,0 -14404,12 14697,25666774586
-424,0 -65948,0 -13603,3 13584,095107956198
-424,0 -64248,0 -12845,758 12835,714111471787
-424,0 -58216,0 -14540,262 14386,71175485753
-424,0 -74963,0 -14763,836 15239,97337035416
-424,0 -71264,0 -13263,516 13726,211064155472
-424,0 -74553,0 -13426,628 13691,470032455089
-424,0 -74756,0 -15633,248 15539,341249309638
-424,0 -80575,0 -14190,314 14110,640299412495
-424,0 -70009,0 -14021,466 14267,098454025048
-424,0 -81014,0 -13283,166 13522,899087638123
-424,0 -61076,0 -12434,426 13027,08753853002
-424,0 -60173,0 -12780,93 13627,906755077976
-424,0 -70991,0 -13222,388 14264,419389567034
-424,0 -58230,0 -13459,598 13813,120033084342
-424,0 -66266,0 -13130,876 13775,952492681734
-424,0 -74413,0 -12658,282 13456,133055468652
-424,0 -65679,0 -13634,278 14547,159891219877
-424,0 -68444,0 -13065,708 13693,007535480883
-424,0 -56833,0 -13892,672 13681,69216056317
-424,0 -69209,0 -13451,13 13565,350522013796
-424,0 -66093,0 -13830,394 13729,903488180975
-424,0 -58031,0 -13465,48 13506,625813784876
-424,0 -68398,0 -13058,792 13103,236386966997
-424,0 -61524,0 -13098,108 13652,032903430027
-424,0 -61929,0 -12206,26 13178,556275267792
-424,0 -59547,0 -12297,19 12681,294333541024
-424,0 -61560,0 -13625,148 13729,818101274901
-424,0 -62713,0 -14116,642 13705,844882743853
-424,0 -64109,0 -14630,642 14570,053950683785
-424,0 -62223,0 -14618,312 14116,915157592188
-424,0 -58768,0 -13179,24 12951,382117225958
-424,0 -75099,0 -13491,908 13541,93771745889
-424,0 -66678,0 -12803,074 12962,258657522767
-424,0 -63207,0 -12641,932 13143,858396200705
-424,0 -60947,0 -13893,534 14059,824089825739
-424,0 -65751,0 -13664,474 13407,539920855132
-424,0 -80539,0 -14112,314 14355,373920849432
-424,0 -73194,0 -13295,356 13938,52100035237
-424,0 -71541,0 -11982,306 12722,198222177016
-424,0 -56814,0 -12523,222 12601,82937817823
-424,0 -64415,0 -13944,034 14368,29836357959
-424,0 -64971,0 -13565,586 13711,977551710188
-424,0 -59710,0 -13699,776 13317,37655628255
-424,0 -76160,0 -13155,95 12291,946944544616
-424,0 -74048,0 -13931,66 13879,455671041278
-424,0 -67791,0 -14475,87 14730,922789869617
-424,0 -67870,0 -13637,826 14304,481105294377
-424,0 -65813,0 -12854,428 12792,319653480206
-424,0 -59661,0 -13300,126 13324,29515727282
-424,0 -60805,0 -12521,846 12511,773953771866
-424,0 -57355,0 -11864,976 12564,516738475215
-424,0 -56367,0 -12481,166 13029,366917177673
-424,0 -66156,0 -11832,034 12621,934165604096
-424,0 -57894,0 -11811,28 12236,670285073465
-424,0 -60069,0 -12837,72 13607,43911695365
-424,0 -61198,0 -11769,344 12556,185406789118
-424,0 -71601,0 -12369,27 13235,060060653295
-424,0 -56553,0 -12749,706 13252,68084047768
-424,0 -60914,0 -12969,696 13563,032423598497
-424,0 -64684,0 -12191,14 12867,24506723954
-424,0 -55940,0 -11944,152 12612,52236203749
-424,0 -57455,0 -13103,576 13833,896150261644
-424,0 -58735,0 -13294,69 13284,144448397872
-424,0 -75377,0 -13375,606 13816,665741298233
-424,0 -62755,0 -14015,442 13965,185305130612
-424,0 -54471,0 -13635,646 13791,30513231738
-424,0 -64141,0 -13463,738 13567,834783094764
-424,0 -71832,0 -14139,052 14612,772378617814
-424,0 -55596,0 -13155,404 12871,10174603495
-424,0 -59325,0 -12506,75 12609,403363184952
-424,0 -63439,0 -12288,546 12303,47879080887
-424,0 -67242,0 -13608,14 13380,63956903406
-424,0 -60350,0 -13664,352 13674,930922973464
-424,0 -61600,0 -12985,84 12813,16782307951
-424,0 -60811,0 -13923,032 13686,387186068352
-424,0 -62737,0 -14384,946 13577,16214409639
-424,0 -90476,0 -14807,018 14950,980257149567
-424,0 -72370,0 -14367,256 15041,548270256755
-424,0 -61529,0 -12589,854 12961,208372242307
-424,0 -56611,0 -13907,496 13706,98345639857
-424,0 -54507,0 -12546,8 12683,128481096444
-424,0 -61000,0 -12694,376 12878,552290635153
-424,0 -65818,0 -12876,414 13652,904631711308
-424,0 -55931,0 -13135,078 13480,563190902521
-424,0 -57308,0 -12013,634 12841,009557042002
-424,0 -64509,0 -11968,656 12587,208485190988
-424,0 -71660,0 -13223,892 13407,37822575078
-424,0 -74685,0 -13040,27 13805,675069807343
-424,0 -65810,0 -13626,682 13980,551381575617
-424,0 -59669,0 -12283,608 12455,043732975653
-424,0 -60834,0 -12119,87 13229,911835575478
-424,0 -55066,0 -12510,876 12923,08520580995
-424,0 -76956,0 -12386,532 12741,059220840943
-424,0 -62931,0 -12325,626 13130,514090092738
-424,0 -61979,0 -11699,97 12662,41258059063
-424,0 -65743,0 -11882,57 12536,446536443253
-424,0 -73276,0 -12789,842 13125,829832853839
-424,0 -58158,0 -13204,8 13259,452092752541
-424,0 -57313,0 -12551,12 12461,627599057838
-424,0 -74024,0 -11637,854 12540,766044252801
-424,0 -62493,0 -12435,454 12725,52117250543
-424,0 -60332,0 -11498,46 12126,47139774799
-424,0 -54181,0 -12193,682 12585,900462536474
-424,0 -57187,0 -12672,766 12591,709232318064
-424,0 -62336,0 -12713,008 12810,48505670008
-424,0 -69774,0 -12152,71 12681,635456434633
-424,0 -60294,0 -12175,398 12920,389158210217
-424,0 -61062,0 -12016,79 12323,564476802158
-424,0 -63597,0 -11753,688 12431,279540845988
-424,0 -69949,0 -12028,722 12283,2790729803
-424,0 -54723,0 -12981,184 13095,14292377689
-424,0 -55749,0 -12922,404 13332,494142236996
-424,0 -55196,0 -12864,672 12933,629821222503
-424,0 -71729,0 -13161,912 13297,959841880107
-424,0 -62537,0 -12846,554 12834,417535170189
-424,0 -67135,0 -12440,052 12303,205669795821
-424,0 -93754,0 -13490,818 14158,886289566564
-424,0 -62830,0 -12479,418 12445,276552141224
-424,0 -76219,0 -12349,78 12929,308918871106
-424,0 -74339,0 -13222,53 14244,156906222997
-424,0 -66311,0 -12099,978 12974,014824468017
-424,0 -59878,0 -12428,08 13200,239322588062
-424,0 -65020,0 -12016,754 13408,957319101437
-424,0 -73583,0 -12381,25 13872,117049516992
-424,0 -73879,0 -13478,628 13618,547727772444
-424,0 -70697,0 -13746,938 13401,64621866119
-424,0 -62063,0 -12240,664 12985,584800966957
-424,0 -69125,0 -13340,964 13581,621017194673
-424,0 -86741,0 -13066,324 13287,18867597748
-424,0 -70553,0 -12505,43 12319,081619061539
-424,0 -60127,0 -13707,846 13290,65582950232
-424,0 -53710,0 -12296,082 11869,607179484756
-424,0 -57084,0 -13115,084 13063,426168235646