-548035,0 -916717,0 -753253,926 71260,83591474721
-533444,0 -929023,0 -699591,648 67378,83107288295
-533444,0 -794820,0 -650881,402 49913,657434617984
-478215,0 -768716,0 -620433,85 37512,44097410219
-438785,0 -739096,0 -599165,67 31394,917872756094
-438785,0 -690523,0 -580411,05 32941,587768586694
-385374,0 -705985,0 -562674,346 38160,28280658158
-385374,0 -644473,0 -539408,55 40501,077271740556
-385374,0 -609559,0 -513442,05 41332,68260729636
-385374,0 -583993,0 -480009,238 38446,06958269409
-378330,0 -567554,0 -453980,162 33816,23179580712
-378330,0 -538243,0 -432553,38 27834,242275937748
-371806,0 -509131,0 -417200,072 21910,118877240617
-371328,0 -479703,0 -406791,364 17686,225040169084
-348139,0 -452304,0 -400997,774 16045,930307430735
-348139,0 -468795,0 -396100,83 15667,829518382567
-341115,0 -447288,0 -392967,74 16004,590210698932
-337603,0 -444162,0 -388396,99 16278,607698875841
-337603,0 -451073,0 -384069,494 18109,70109002255
-324598,0 -453155,0 -377559,302 17919,131187945357
-314742,0 -421149,0 -370849,31 17893,017219069003
-314742,0 -424173,0 -364412,336 18076,589633421016
-314742,0 -424816,0 -356966,074 16982,91982388553
-311924,0 -412989,0 -352294,11 16587,40349150222
-309108,0 -399588,0 -349106,118 15589,34766704739
-302392,0 -411580,0 -345998,112 16494,149066000835
-302392,0 -399644,0 -341645,71 16516,813882401777
-302392,0 -401703,0 -336801,912 15532,533622569628
-294387,0 -397247,0 -333347,51 15466,678507226432
-294387,0 -379171,0 -330388,024 16158,777815522559
-288696,0 -387015,0 -324963,392 15053,75120514272
-282364,0 -374540,0 -321653,11 15405,539643060214
-276028,0 -381165,0 -317461,898 15202,427647306731
-276028,0 -369186,0 -314508,396 15057,417333765565
-276028,0 -370139,0 -311928,754 14966,026803313023
-272522,0 -368964,0 -306740,114 16118,349143786532
-271096,0 -361241,0 -303291,038 14878,871371866753
-268270,0 -361198,0 -300441,98 15315,630589812487
-265486,0 -351584,0 -296353,11 14266,981538429909
-265458,0 -344594,0 -295175,142 14756,93322726088
-262682,0 -343958,0 -291902,328 13984,094493545726
-259870,0 -348347,0 -289895,314 13670,01124840078
-259870,0 -335432,0 -287474,224 14168,17107977681
-257780,0 -339928,0 -283672,506 13948,453524816434
-252838,0 -327100,0 -282125,828 14150,49633484337
-252838,0 -330224,0 -279062,886 13211,481062659243
-250359,0 -326386,0 -277367,01 13723,014662161515
-245089,0 -324498,0 -276110,604 13896,75945143989
-245089,0 -320715,0 -275381,044 15013,459681168228
-236659,0 -314546,0 -271805,906 14194,811889742115
-235965,0 -323654,0 -270035,488 14713,439990629518
-235265,0 -316921,0 -267263,85 14234,200565521773
-233146,0 -313702,0 -265194,598 13995,217736941295
-232499,0 -318653,0 -263952,074 14709,045863975136
-231588,0 -315566,0 -260750,704 14470,632516389323
-228088,0 -305371,0 -258182,722 14166,308062184584
-227534,0 -310358,0 -255539,23 13706,995880976257
-225250,0 -311598,0 -252204,216 13448,580791345383
-220788,0 -304943,0 -249925,188 13656,000947446368
-220788,0 -294812,0 -248460,634 13221,0809527831
-220788,0 -290924,0 -246862,658 13845,352527149167
-213792,0 -295224,0 -244006,668 13721,530946427805
-213792,0 -285470,0 -242175,332 12477,117495550647
-213792,0 -289094,0 -241409,716 14108,289470497266
-211694,0 -291074,0 -238669,748 14120,426585500023
-205934,0 -290226,0 -236755,502 13504,818207069502
-203334,0 -295260,0 -235283,468 13997,00676819784
-203334,0 -287464,0 -232227,22 12668,416878663253
-197012,0 -286477,0 -230777,008 13771,240138924883
-197012,0 -289565,0 -228556,772 14874,65702300446
-197012,0 -283635,0 -226034,902 14669,831330059525
-191296,0 -270963,0 -223374,724 13907,153112115506
-187797,0 -265705,0 -221157,68 13761,26117060497
-187797,0 -271586,0 -218817,592 13599,477121916707
-185678,0 -265233,0 -217107,552 14389,448660435046
-180114,0 -278010,0 -213536,18 14330,529861508958
-180114,0 -263070,0 -210560,426 15208,815758385792
-175217,0 -264700,0 -206221,174 14244,073099493837
-173825,0 -248918,0 -203246,62 14079,230996030996
-168917,0 -250865,0 -201603,654 14549,393720642936
-168917,0 -245048,0 -198209,042 13436,780593290785
-159096,0 -254290,0 -195890,314 14442,928260411874
-159096,0 -241976,0 -192180,978 13666,547372526691
-159095,0 -245672,0 -190758,29 14237,191830340003
-144943,0 -234648,0 -187591,622 14479,817378237749
-144943,0 -231170,0 -184920,452 13521,47968543739
-144943,0 -232605,0 -182553,952 14268,360069247483
-139303,0 -240876,0 -179793,432 14339,10198643471
-139303,0 -222991,0 -176728,266 14269,233413160086
-137927,0 -227704,0 -173751,418 14450,406390108064
-135819,0 -221699,0 -171402,72 15538,713662256598
-135819,0 -211962,0 -166970,712 14416,553026332474
-132319,0 -216470,0 -164127,434 15485,501762540467
-130925,0 -226286,0 -159384,922 13713,930780192662
-130225,0 -192980,0 -155725,258 12821,987795323937
-129483,0 -211323,0 -153111,842 13234,022840279362
-126707,0 -199900,0 -152138,15 13921,045200253468
-123095,0 -206565,0 -149853,39 13844,748537474414
-120987,0 -195296,0 -147855,75 12796,717696171156
-120987,0 -201905,0 -147289,148 14036,402814756211
-120987,0 -206855,0 -145299,174 14203,203991625414
-116065,0 -196075,0 -143342,602 13952,18624114501
-116059,0 -203525,0 -141726,598 13858,968363207836
-115359,0 -195555,0 -140297,594 13956,004793964637
-114667,0 -192312,0 -139452,756 13729,754853327271
-114667,0 -193817,0 -137790,754 13587,961111126428
-111145,0 -187225,0 -136875,548 13184,544523482631
-111145,0 -189791,0 -135514,242 13362,233787037114
-111145,0 -185607,0 -133477,776 13148,664543816767
-111145,0 -196459,0 -132957,162 13540,425137186652
-107644,0 -175351,0 -130799,362 12789,350358441035
-107644,0 -171235,0 -130490,792 13351,843774128574
-107644,0 -175392,0 -128941,408 13001,900107658725
-102693,0 -183466,0 -128037,58 13814,115229850957
-100607,0 -175349,0 -126325,546 13036,21111642045
-100607,0 -176532,0 -125126,624 13415,522966423043
-99855,0 -178279,0 -123148,308 13052,410373916999
-99855,0 -164787,0 -122612,526 12763,787793649817
-95651,0 -184822,0 -121531,352 13809,728941007354
-95651,0 -185432,0 -120174,814 14136,368308282148
-95651,0 -160841,0 -118884,262 12857,169060930792
-94929,0 -171043,0 -119231,964 14214,288255790514
-93553,0 -171039,0 -117404,966 13237,9874532666
-93553,0 -167861,0 -116409,348 12996,727725196673
-91431,0 -162866,0 -115679,342 13208,83944126191
-89325,0 -158541,0 -115067,918 13459,363182233994
-89325,0 -162071,0 -113448,86 13418,539866036104
-89325,0 -160677,0 -112188,138 13483,344652383397
-89314,0 -169595,0 -110562,866 14110,672747677338
-85816,0 -169655,0 -108640,466 12993,184846250902
-85816,0 -173371,0 -107195,672 12816,526391671658
-85816,0 -161000,0 -107009,188 13146,308642986281
-82055,0 -158395,0 -106275,88 12453,955180487848
-82055,0 -172917,0 -106364,126 12705,01996952873
-80898,0 -158033,0 -105777,726 12639,70379537923
-80898,0 -153705,0 -104687,146 13304,143616057518
-80898,0 -150102,0 -103696,57 12027,702183754802
-80898,0 -166088,0 -103643,842 12563,924367053318
-77944,0 -153712,0 -105323,184 14210,10949198295
-77944,0 -143730,0 -103243,644 12368,322880862384
-77944,0 -148745,0 -103390,152 13821,68259355192
-77944,0 -156702,0 -102536,134 13606,855136880235
-77944,0 -150883,0 -100913,42 13557,809596819097
-77944,0 -176485,0 -100486,982 13791,402657803737
-77933,0 -145574,0 -98928,436 13531,842218334657
-76664,0 -145713,0 -97180,48 12748,129579730514
-74495,0 -151128,0 -96499,138 13941,132731846288
-74495,0 -142856,0 -95533,776 12896,754321216793
-73095,0 -142758,0 -94664,75 13111,886019467223
-73060,0 -148900,0 -93493,322 13658,600989351587
-65767,0 -147344,0 -92235,704 12919,341029185045
-65767,0 -142011,0 -92330,002 13162,40286733376
-65767,0 -157483,0 -91428,914 13893,149194426876
-65767,0 -135657,0 -88817,674 11680,027694818364
-65767,0 -133733,0 -88182,986 11933,694902996467
-65067,0 -140905,0 -88282,058 12890,753743464187
-65067,0 -149868,0 -88420,212 13503,597566835879
-65067,0 -134350,0 -87616,638 13138,088335330829
-64415,0 -133569,0 -85901,738 12497,240464252734
-60875,0 -148516,0 -85594,504 13920,188066616915
-60875,0 -141241,0 -83706,704 12474,968748032352
-60875,0 -128266,0 -83148,498 12737,655395165784
-60875,0 -137276,0 -83009,746 12667,63573621708
-60875,0 -132293,0 -81994,128 12051,555335624364
-60875,0 -132888,0 -82416,164 12791,763661712335
-60875,0 -122941,0 -81916,794 12533,171689862229
-60875,0 -154751,0 -81862,998 13261,538647306203
-56674,0 -138850,0 -81797,536 12793,215649738107
-56674,0 -130450,0 -80913,226 12761,721475997032
-56674,0 -131758,0 -80455,822 12206,403997669262
-56674,0 -121180,0 -80178,226 11907,454963128095
-56674,0 -141943,0 -80534,224 12728,783332346575
-56674,0 -144376,0 -79827,946 13440,472327082996
-56674,0 -135733,0 -79220,354 14629,383971059213
-56662,0 -154141,0 -77554,804 12539,482058904347
-56660,0 -125083,0 -77261,158 12409,152764513621
-55962,0 -138204,0 -76852,956 13057,897012691747
-55950,0 -132752,0 -76441,896 13081,265048655803
-55950,0 -132412,0 -76348,858 13951,938990901444
-54538,0 -117315,0 -74707,52 12578,774255610128
-53132,0 -126353,0 -73132,446 12097,551500493151
-53132,0 -136392,0 -73515,368 13154,458601880046
-53132,0 -131828,0 -73416,638 13022,54186167032
-48172,0 -131634,0 -73024,776 13137,268502615914
-48172,0 -131208,0 -72891,486 12905,137331536
-47472,0 -125315,0 -72398,63 12356,15465106762
-46035,0 -114398,0 -71470,776 12537,32871475515
-46035,0 -117589,0 -70783,586 12818,30287965626
-46035,0 -126763,0 -70336,954 14153,776695563773
-46035,0 -139060,0 -68795,042 13492,093934457911
-44638,0 -115533,0 -67277,446 13004,566315224973
-44638,0 -115724,0 -66673,88 12262,551924032781
-43957,0 -115504,0 -66322,132 13441,495671485965
-43957,0 -136951,0 -65103,184 13110,947661635439
-42537,0 -126501,0 -63524,546 13193,706596854578
-42537,0 -123715,0 -63103,218 13825,689481196809
-41858,0 -123914,0 -62692,494 13992,149842606888
-41812,0 -105641,0 -61267,662 12206,20433925944
-41812,0 -127103,0 -61205,87 12339,78134656769
-41812,0 -116434,0 -60864,874 13197,808597419651
-41096,0 -114057,0 -59968,53 14101,757633043484
-39714,0 -124996,0 -59652,188 13169,235991076168
-39714,0 -116106,0 -58984,58 13152,128586643315
-39714,0 -127005,0 -57680,28 12221,487885589053
-38310,0 -118679,0 -57421,66 12940,648814506947
-38310,0 -115682,0 -57158,298 13123,075490798494
-38310,0 -102135,0 -56554,594 12429,681393228228
-38310,0 -126179,0 -55838,194 12416,573005477965
-37609,0 -121847,0 -56081,702 12370,114513665429
-37609,0 -114044,0 -56075,498 12614,477556601223
-35486,0 -108285,0 -56563,768 13348,625085385225
-35486,0 -102466,0 -55281,194 12768,993535136753
-35486,0 -116180,0 -54410,6 12683,905123423168
-32724,0 -125323,0 -52866,228 12114,209333011211
-32724,0 -112444,0 -53852,88 13463,240616790594
-32724,0 -96317,0 -52822,59 12913,943508390457
-32724,0 -114636,0 -51424,246 12773,037906210247
-31264,0 -112124,0 -52458,876 13866,063053824035
-31264,0 -113923,0 -51436,686 13368,24974225886
-31264,0 -113312,0 -50339,826 12059,86226885382
-31264,0 -106940,0 -50833,958 12628,67919096198
-31264,0 -100121,0 -50987,792 13279,19389333314
-31264,0 -110176,0 -50577,728 13030,416973605097
-31264,0 -100960,0 -50640,516 13402,213464116445
-31264,0 -106107,0 -48925,398 13025,197998326013
-27068,0 -119254,0 -49312,01 13663,438720684486
-27068,0 -111705,0 -48951,276 13399,878150931952
-24274,0 -114279,0 -49151,348 13882,100611323054
-24274,0 -122362,0 -47710,624 13241,983458629757
-24272,0 -122363,0 -47821,04 13613,99174916747
-24272,0 -120498,0 -46227,37 13349,702305785695
-22872,0 -100016,0 -46428,736 12887,190791879499
-22872,0 -124341,0 -46491,442 14036,298174042746
-22872,0 -98371,0 -46445,982 13450,640953860748
-22872,0 -114880,0 -46195,942 13670,138526387953
-22872,0 -93210,0 -46315,524 13763,413019357662
-22872,0 -115177,0 -45415,55 14390,954546085526
-22872,0 -112809,0 -44251,666 14153,402770586441
-22131,0 -116600,0 -42818,764 14127,30031889689
-22131,0 -106178,0 -41693,856 13262,509484832197
-22131,0 -88283,0 -42346,516 13523,52311395755
-22131,0 -102069,0 -41708,276 13682,292059878855
-22131,0 -113430,0 -41226,354 13649,132370692438
-22131,0 -105988,0 -40983,638 13744,106268468528
-22106,0 -91768,0 -40046,608 13612,68102624666
-22106,0 -93316,0 -39903,496 12634,849857358176
-22106,0 -98361,0 -40097,17 13190,916091958892
-22106,0 -98424,0 -38919,808 12892,576925469019
-22106,0 -89364,0 -39851,1 13728,337114523387
-22106,0 -102569,0 -38881,036 12800,629588996951
-22106,0 -107677,0 -38686,286 13446,794918797714
-20707,0 -99121,0 -37966,87 12362,981639115222
-20707,0 -100638,0 -37409,87 11978,579584287114
-20707,0 -85410,0 -38128,448 12944,553728240155
-19306,0 -89606,0 -37612,222 12059,836597761849
-19306,0 -93227,0 -37455,84 12681,340344395767
-19306,0 -93466,0 -37569,308 13169,353330712025
-19306,0 -83098,0 -36487,062 12408,7313307266
-19306,0 -84061,0 -37030,372 12541,908987614921
-19292,0 -95418,0 -37275,612 12882,759018061926
-19292,0 -83553,0 -36825,312 12597,545148426974
-19292,0 -91601,0 -36273,974 12473,98626347344
-19292,0 -84918,0 -36710,996 12770,263750133901
-19292,0 -76834,0 -36513,116 11774,527805672042
-19264,0 -89884,0 -36289,278 12790,41572290424
-19264,0 -85264,0 -35990,774 12293,78098629238
-19264,0 -94726,0 -35003,924 12060,848581680482
-19264,0 -81289,0 -35781,046 12754,619636503632
-19264,0 -90492,0 -35131,654 12254,70485969711
-19264,0 -101007,0 -34804,784 12653,086881442961
-19264,0 -91546,0 -34487,136 12921,640929290057
-19264,0 -89110,0 -34569,556 12385,216734270902
-19264,0 -84183,0 -33910,336 11901,47854575658
-19264,0 -82749,0 -34279,234 12344,62414588812
-18584,0 -73253,0 -33403,766 11350,9346885287
-18584,0 -91335,0 -34313,314 12188,287444895772
-18584,0 -105917,0 -35080,054 12769,72966523113
-18576,0 -75018,0 -34385,108 11320,539924947752
-18576,0 -97232,0 -35134,856 12654,640544688105
-18576,0 -81885,0 -34688,554 12246,602571941497
-18576,0 -82054,0 -34667,474 11934,705398346621
-18571,0 -87633,0 -35433,308 13311,9953202041
-18570,0 -92861,0 -35137,35 13702,454277373101
-18570,0 -88917,0 -34710,98 13074,106362256656
-18570,0 -89503,0 -34596,542 12841,860694316683
-18570,0 -82919,0 -34128,412 11590,436869516878
-18561,0 -98182,0 -36390,984 13722,60521066404
-17875,0 -103903,0 -36339,702 14093,707006078848
-17875,0 -80179,0 -34559,258 12135,005058236937
-17849,0 -93914,0 -34819,636 12556,234010701777
-17849,0 -83394,0 -34364,94 11904,036237864868
-17849,0 -99961,0 -34939,212 13360,365624452656
-17849,0 -95678,0 -35352,406 13941,626710723684
-17135,0 -113025,0 -34718,5 13394,193529063255
-17135,0 -86664,0 -34339,192 13515,96371359201
-17135,0 -89697,0 -33536,268 12385,820052631803
-17135,0 -84058,0 -33977,684 12727,86406983293
-17135,0 -75314,0 -33020,066 11642,567224527584
-17135,0 -82789,0 -33310,076 11969,72352639041
-17135,0 -93922,0 -33505,482 12353,204997152598
-17121,0 -97166,0 -32885,738 12090,463596957557
-17121,0 -84807,0 -33244,02 12183,222979638847
-17121,0 -105033,0 -34056,762 13358,473851355782
-17121,0 -92577,0 -33432,21 12778,91786756218
-17121,0 -96184,0 -33736,186 12449,752849089171
-17121,0 -98190,0 -34205,946 13370,730231183488
-17121,0 -92269,0 -33320,098 12513,452298722195
-17116,0 -95722,0 -32228,168 12512,337523091997
-17116,0 -84268,0 -32826,606 12828,534138348148
-17116,0 -104326,0 -33076,318 13312,042663125596
-17116,0 -104038,0 -32558,888 13127,129661866516
-17116,0 -95048,0 -33109,602 12837,87871509916
-17116,0 -96446,0 -31895,414 12504,498973673595
-17116,0 -87953,0 -32732,772 12568,884660303629
-17116,0 -113834,0 -32106,86 11992,616862403296
-17116,0 -95733,0 -33449,274 13889,276625041486
-17108,0 -89267,0 -31728,102 12366,783591039186
-17108,0 -94725,0 -31424,258 12155,955441652297
-16420,0 -91820,0 -32053,1 12630,984107424107
-16420,0 -93942,0 -32360,626 12629,40241714246
-16420,0 -95711,0 -32161,382 12675,672317793476
-16420,0 -90898,0 -32286,28 13088,944101095405
-16420,0 -96630,0 -33717,786 13603,46259215661
-16406,0 -97537,0 -32683,752 13249,78062529701
-16406,0 -76577,0 -32080,228 12607,594190011665
-16406,0 -98872,0 -32965,094 13984,925987546885
-16406,0 -94066,0 -31013,32 11772,140291620715
-16406,0 -82904,0 -31644,914 11942,533176617257
-16406,0 -94317,0 -33507,796 14048,938045930156
-16406,0 -94163,0 -32280,846 13228,118566231702
-16406,0 -87469,0 -31973,628 12890,663380044327
-16406,0 -86758,0 -32030,334 12680,717584996682
-16406,0 -89543,0 -32358,494 12715,468625495641
-16406,0 -84848,0 -32857,346 13137,392421263963
-16393,0 -80794,0 -31843,276 12156,33181843207
-16393,0 -91604,0 -33505,144 13761,103255163227
-16374,0 -98614,0 -32311,572 13302,1029128787
-16374,0 -86454,0 -31417,97 12368,470932055423
-16372,0 -91455,0 -31733,914 12919,66344757494
-16360,0 -90831,0 -32083,494 13146,68707264168
-16347,0 -92204,0 -31219,258 12339,431355594794
-16347,0 -93358,0 -31139,262 13010,42422787805
-16347,0 -74589,0 -31153,468 12562,594953948641
-16347,0 -81273,0 -31597,478 12414,324893022407
-16347,0 -83342,0 -31966,536 12827,217916473695
-16347,0 -76388,0 -31517,968 12026,712967347974
-15639,0 -75725,0 -32058,61 12612,912440427872
-15639,0 -77983,0 -31291,594 11885,5583483976
-15639,0 -76529,0 -32348,806 12286,129258166056
-15639,0 -93374,0 -32395,52 12975,64185624742
-15639,0 -80046,0 -32240,02 12515,644407524527
-15639,0 -90502,0 -31796,34 12467,952142689666
-15639,0 -95126,0 -31675,616 12553,034809341683
-15639,0 -84404,0 -31879,562 13612,77252664408
-15637,0 -90567,0 -31538,38 13173,41564134374
-15637,0 -77093,0 -31465,488 12690,924568125687
-15637,0 -76769,0 -32311,59 13424,670973468961
-15635,0 -89678,0 -31385,614 12587,719885229573
-15635,0 -98307,0 -30660,908 12668,383833920412
-15635,0 -82848,0 -31514,96 12890,204785898477
-15593,0 -87543,0 -31180,446 12888,033675122213
-15593,0 -105786,0 -32284,818 13761,824917098611
-15593,0 -91938,0 -32779,886 14061,191446709061
-15593,0 -83050,0 -32018,236 13079,873849709104
-15593,0 -88292,0 -31667,562 13074,806243388695
-15593,0 -84443,0 -30991,136 12739,027699063374
-14235,0 -90236,0 -30890,462 13436,379458490885
-14235,0 -89345,0 -31456,172 13554,86593111182
-14235,0 -88036,0 -31546,988 13215,46386971929
-14235,0 -82281,0 -32546,366 14047,787357446865
-14235,0 -95207,0 -31309,312 13194,754399633819
-14235,0 -75037,0 -30330,632 12397,006647758808
-14235,0 -74674,0 -29949,456 11995,135288943758
-14211,0 -74666,0 -30393,254 12276,660025002082
-14211,0 -96384,0 -30035,42 13437,49022725598
-14211,0 -74378,0 -28461,692 11789,18110748732
-14211,0 -90287,0 -30231,686 14071,42150500098
-14211,0 -89337,0 -28421,908 12145,05427404653
-14211,0 -82025,0 -28631,056 12656,570934690957
-14211,0 -84558,0 -28846,736 12463,663595681
-14211,0 -91743,0 -29656,804 14202,496135031473
-14210,0 -89820,0 -29677,462 13853,375922155432
-14210,0 -91102,0 -29550,534 13158,99828698385
-14210,0 -75366,0 -28976,616 11954,845794260335
-14210,0 -84845,0 -28336,902 12249,61627433268
-14210,0 -79452,0 -29493,368 13389,929612532555
-14210,0 -89186,0 -27968,552 12507,652973091956
-14210,0 -93058,0 -27929,084 12471,071213209554
-14202,0 -89612,0 -27571,488 12540,271975912483
-14200,0 -82491,0 -28366,642 13090,029675361166
-14200,0 -82168,0 -28882,404 12655,079973227506
-14200,0 -101878,0 -28795,498 13212,675254693726
-13548,0 -83198,0 -28270,258 12160,267231086491
-13548,0 -77001,0 -28745,724 12156,204824854834
-13548,0 -98276,0 -29167,864 13851,099466161675
-13546,0 -89733,0 -29955,036 14168,692720314888
-13546,0 -87504,0 -28889,58 12953,389270750728
-13546,0 -80357,0 -28430,134 12329,748598412061
-13546,0 -78861,0 -28951,194 12425,600783719232
-13546,0 -94409,0 -28760,334 12847,572716838155
-13538,0 -89067,0 -29460,008 13120,440388643057
-12848,0 -83784,0 -29194,978 13030,099114493181
-12848,0 -83005,0 -29275,17 13303,336958413853
-12839,0 -94024,0 -29600,532 13181,545765234667
-12839,0 -99516,0 -29051,654 13733,262958171443
-12833,0 -79451,0 -28830,498 12297,353963271777
-12833,0 -75842,0 -29281,758 12465,611027440096
-12833,0 -87688,0 -30234,96 13616,218503035265
-12833,0 -78126,0 -29938,036 13632,221677874233
-12833,0 -87544,0 -29304,148 14019,959194309235
-12833,0 -90466,0 -29365,268 13646,215126553448
-12833,0 -82721,0 -29647,158 13884,40303869907
-12833,0 -89172,0 -28434,19 12712,418752617456
-12828,0 -82562,0 -27894,402 13031,89218710759
-12828,0 -84611,0 -27941,912 13358,113097449668
-12828,0 -93389,0 -28216,918 13819,597960261939
-12827,0 -71416,0 -27110,956 12205,406796582569
-12827,0 -85008,0 -27913,18 13241,260783309117
-12827,0 -89946,0 -27012,986 13515,728626818607
-12827,0 -99149,0 -27392,658 13008,891055468024
-12827,0 -96090,0 -26802,526 13476,044103865343
-11423,0 -98254,0 -27202,242 13077,085352762519
-11423,0 -82162,0 -27929,866 13255,58745933366
-11423,0 -91469,0 -27556,516 13308,061471970437
-11423,0 -87541,0 -26603,376 12353,840398945751
-11423,0 -85971,0 -26990,2 13633,287063947551
-11423,0 -73537,0 -26684,702 12095,46993519459
-11423,0 -84277,0 -26733,396 13015,707652954718
-11412,0 -75893,0 -26403,506 12847,329432763998
-11412,0 -72176,0 -25571,996 12315,431579282309
-11411,0 -81416,0 -26340,508 12671,544379038256
-11411,0 -92087,0 -25755,538 13329,912161471882
-11411,0 -85761,0 -26248,878 13779,373443053062
-10698,0 -82981,0 -25660,956 12658,022030556907
-10698,0 -86086,0 -25736,206 12034,797333049035
-10698,0 -82509,0 -26031,036 12516,389374044888
-10698,0 -72663,0 -25937,818 12442,655728455884
-10012,0 -72802,0 -25845,562 12250,573368710377
-10012,0 -74920,0 -25078,898 11704,070907662684
-10012,0 -84579,0 -25513,872 12333,110475934938
-10012,0 -77708,0 -25524,074 12408,84193293331
-9996,0 -85530,0 -26126,538 13452,151056413102
-9990,0 -78588,0 -24596,742 13032,09670235132
-9990,0 -92500,0 -24723,082 12842,23873579977
-9990,0 -80500,0 -25304,588 13467,391481436036
-9985,0 -79624,0 -24547,01 12464,594255646665
-9985,0 -86807,0 -24889,33 13111,25770828641
-9985,0 -73534,0 -23956,514 11724,20932830031
-9985,0 -81192,0 -24563,01 13319,798764767427
-9973,0 -81236,0 -23943,25 12360,533313393076
-9973,0 -86194,0 -24017,506 12959,072485558685
-9973,0 -79344,0 -24991,27 13584,487034448517
-9973,0 -82468,0 -24623,226 13282,43101690817
-9973,0 -85811,0 -25300,86 13394,941604366923
-9973,0 -85162,0 -25019,2 12859,539031240576
-9973,0 -91517,0 -25831,862 13889,879727015488
-9973,0 -73512,0 -25669,298 12710,155447562242
-9973,0 -82739,0 -25122,146 13218,602826043454
-9967,0 -86024,0 -24772,586 12891,695843084575
-9967,0 -78737,0 -25069,588 13006,546778843955
-9961,0 -83794,0 -25293,856 13355,87029089696
-9961,0 -90290,0 -26142,7 14445,352349527508
-9961,0 -86233,0 -25447,484 13622,33914119539
-9961,0 -86806,0 -25184,508 13716,20441382877
-9955,0 -78749,0 -25577,924 13885,077617868186
-9955,0 -91891,0 -26249,504 14470,609465049636
-9955,0 -86899,0 -25836,268 13991,802096090983
-9955,0 -79380,0 -25718,67 13447,438806891822
-9955,0 -73955,0 -25187,888 13304,845058378387
-9955,0 -79784,0 -24861,308 13486,065911196489
-9955,0 -83797,0 -25352,904 14038,227784830397
-9955,0 -87938,0 -26038,896 14288,088842290426
-9955,0 -88282,0 -25567,144 14116,793522725484
-9928,0 -84885,0 -24677,502 13134,668600843957
-9928,0 -82213,0 -24742,452 13565,702432373188
-9928,0 -84109,0 -25498,054 13751,87628649575
-9928,0 -75682,0 -25579,606 13197,785495709653
-9928,0 -95318,0 -26140,638 14242,94164837293
-9927,0 -87960,0 -24702,318 12375,623221190768
-9927,0 -92076,0 -25288,088 13842,198032547287
-9927,0 -76577,0 -25496,582 13579,092622678289
-9925,0 -84142,0 -25610,256 13666,384130502993
-9919,0 -90656,0 -25453,108 13740,493386059177
-9919,0 -88860,0 -26319,15 14932,328207064715
-9919,0 -85557,0 -25931,116 12843,277611830406
-9905,0 -77965,0 -26146,908 13434,372527942489
-9905,0 -75051,0 -25908,222 12740,662544966635
-9905,0 -82375,0 -26998,894 14720,827094384476
-9905,0 -89289,0 -26754,286 14215,789383365378
-9905,0 -80379,0 -26686,172 13332,822193759883
-9905,0 -78170,0 -27080,678 13489,230347737264
-9905,0 -73691,0 -27726,284 13826,525567449831
-9905,0 -85156,0 -27301,986 14221,300941819769
-9905,0 -93244,0 -27633,006 13980,451502650543
-9903,0 -91592,0 -28027,358 15014,393126791241
-9903,0 -81086,0 -27533,918 14438,78569088398
-9903,0 -81135,0 -26605,5 13224,38958311498
-9903,0 -94412,0 -27631,168 14536,016414815176
-9903,0 -85286,0 -26956,334 13547,59997100756
-9903,0 -78460,0 -28170,86 13925,308601980782
-9903,0 -87607,0 -29085,454 15356,249795307582
-9264,0 -110433,0 -27997,196 14883,274661363472
-9264,0 -74329,0 -27160,22 13305,289376620118
-9264,0 -90163,0 -27681,882 14406,86667197541
-9264,0 -83910,0 -27767,486 14254,8027222338
-9264,0 -77962,0 -26988,34 14630,905877778037
-9264,0 -84478,0 -26298,316 13987,969134086043
-9264,0 -91618,0 -27108,354 14715,669303320316
-9264,0 -97558,0 -26810,886 14972,280135270108
-9263,0 -88487,0 -27127,312 14662,90492496818
-9263,0 -88714,0 -27548,836 14767,941646048856
-9263,0 -84092,0 -27126,86 14427,765520287614
-9263,0 -90442,0 -26891,546 14356,096339182319
-9263,0 -86070,0 -26965,3 13960,140508676819
-9263,0 -88477,0 -27345,576 14091,302610909466
-9255,0 -76574,0 -26974,09 12784,064892900853
-9255,0 -86802,0 -26662,364 13686,76976322404
-9255,0 -80472,0 -26415,768 13054,058261329159
-9255,0 -86069,0 -27437,564 14006,057222141562
-9255,0 -83885,0 -27498,828 14567,257597173739
-9255,0 -84200,0 -27028,316 14560,063229263254
-9255,0 -86817,0 -26657,776 14309,063272269921
-9255,0 -87543,0 -27140,85 14219,093446753212
-9253,0 -81784,0 -26143,11 12982,953812361044
-9253,0 -88884,0 -26341,926 13911,65845959869
-9253,0 -89273,0 -26465,012 13501,980280086911
-9241,0 -88843,0 -26315,722 13171,686004180177
-9241,0 -106081,0 -26424,81 14406,25770649339
-9241,0 -83928,0 -26710,59 14098,925715879923
-9241,0 -78639,0 -26278,954 13521,81643211754
-9241,0 -71405,0 -26492,494 13633,189879920401
-9241,0 -84031,0 -26636,078 13668,239181398465
-9241,0 -88287,0 -26213,37 13338,671410342926
-9241,0 -89421,0 -25897,682 13204,825581615081
-9241,0 -81190,0 -25678,928 12744,72958500164
-9241,0 -89436,0 -26387,422 13375,68326912371
-9241,0 -76262,0 -27097,492 13264,875228283756
-9241,0 -104570,0 -27956,638 14334,126571052593
-9241,0 -85281,0 -27389,608 13647,966218830405
-9241,0 -78483,0 -26499,98 13098,208879522414
-9240,0 -87720,0 -26837,478 13279,111574405722
-9240,0 -94237,0 -26904,05 13500,703084191568
-9240,0 -76423,0 -27730,122 13862,718276698683
-8537,0 -95496,0 -26160,556 14435,952771288225
-8537,0 -89094,0 -26570,536 13705,192963424624
-8531,0 -90988,0 -26112,554 13424,450404954538
-8531,0 -78633,0 -25702,494 13988,3112967207
-7846,0 -91472,0 -26287,08 15022,721515144985
-7846,0 -95804,0 -25353,424 14798,807083282889
-7846,0 -89393,0 -24419,098 13817,75698296927
-7846,0 -86656,0 -24826,392 13517,345680507542
-7846,0 -83788,0 -25388,656 14996,898968708967
-7844,0 -92721,0 -24467,994 14800,247437187125
-7844,0 -92020,0 -24650,542 14342,868749738882
-7844,0 -83933,0 -23963,28 13252,768650723516
-7843,0 -92965,0 -23983,676 13373,347834069971
-7843,0 -77951,0 -23681,068 13603,936313853277
-7836,0 -72174,0 -24443,292 13822,753971721266
-7836,0 -71863,0 -24261,358 13109,596370668169
-7836,0 -89442,0 -25985,024 15083,833607389863
-7836,0 -91221,0 -25494,902 14624,93985753091
-7836,0 -78221,0 -25114,642 13894,834120414538
-7836,0 -85295,0 -23928,104 12194,60273174916
-7836,0 -83142,0 -24632,02 13567,923786475209
-7836,0 -95482,0 -24582,01 14044,659953231336
-7823,0 -83095,0 -25112,834 13838,310703205214
-7804,0 -90603,0 -24824,652 15035,320501635348
-7804,0 -90223,0 -23576,124 13128,92885518937
-7778,0 -86652,0 -23290,682 13010,480434975334
-7778,0 -98576,0 -22733,926 12856,74580321646
-7778,0 -75783,0 -23635,29 13340,295268767477
-7778,0 -76048,0 -23693,044 13102,943609207205
-7778,0 -82350,0 -23672,05 13897,989781817361
-7778,0 -76263,0 -23408,902 13205,392764336702
-7778,0 -86612,0 -23024,986 13742,141133964678
-7778,0 -81860,0 -21884,542 12515,376306777027
-7778,0 -73907,0 -23327,252 12956,90470091125
-7778,0 -66499,0 -23037,5 12024,088961663583
-7778,0 -83432,0 -24150,582 14033,004918950039
-7778,0 -88896,0 -24857,1 14358,333254176827
-7778,0 -81570,0 -22991,412 12664,541605374274
-7778,0 -90253,0 -22746,242 12784,510601639626
-7778,0 -69660,0 -23818,91 13255,360462314864
-7778,0 -87854,0 -22881,36 12975,36678997553
-7778,0 -80401,0 -23921,356 13134,120005743212
-7778,0 -92820,0 -24957,44 14211,307342056882
-7090,0 -94019,0 -24590,364 13754,960317481977
-7090,0 -80453,0 -24088,438 12551,736666698986
-7090,0 -77662,0 -23739,552 12634,275434994124
-7090,0 -82234,0 -23726,288 12728,27605377319
-7090,0 -78819,0 -23295,1 12907,207320950587
-7090,0 -81178,0 -22612,468 13015,463588554043
-7090,0 -75589,0 -23148,872 13815,584081450048
-7090,0 -80550,0 -22323,186 12184,537671631366
-7090,0 -97789,0 -21679,67 13021,865570842754
-6387,0 -79568,0 -21510,686 12162,045589431242
-6387,0 -73530,0 -22182,472 12728,511642026966
-6381,0 -75241,0 -22570,158 12735,452430166586
-6381,0 -85663,0 -21387,084 11946,526473789107
-6381,0 -95233,0 -22824,316 14097,004148830492
-5669,0 -80506,0 -23553,346 13501,6293537589
-5669,0 -77284,0 -23527,358 13728,952180914463
-5669,0 -76726,0 -22571,906 12494,653259101031
-5669,0 -79521,0 -22430,22 12689,572796575932
-5006,0 -74317,0 -22262,184 12584,340480857312
-5006,0 -80332,0 -22270,968 13208,219130638923
-5006,0 -77216,0 -22190,668 13410,1088728532
-5006,0 -88874,0 -22519,218 14140,235321043145
-5004,0 -67393,0 -21464,234 13351,648351242779
-5004,0 -80752,0 -21390,034 14402,963566184699
-5004,0 -77714,0 -20661,47 13042,822404567954
-5004,0 -82377,0 -20490,12 13053,567012491261
-4991,0 -74729,0 -20619,504 13679,866104680414
-4991,0 -83373,0 -19341,036 13050,855007803284
-4991,0 -66885,0 -20337,682 13935,329028511524
-4991,0 -79625,0 -20501,908 14554,854788266908
-4991,0 -74330,0 -18793,566 12914,678670011275
-4991,0 -78064,0 -19722,866 14282,787546275555
-4991,0 -80145,0 -19680,284 14261,146534109523
-4983,0 -71431,0 -18854,89 13207,424478902003
-4983,0 -73430,0 -19559,102 14028,269787240197
-4983,0 -84461,0 -19897,678 14133,939114851031
-4983,0 -76550,0 -19512,892 12827,826906391278
-4983,0 -84824,0 -20891,23 14980,515106667728
-4983,0 -116412,0 -20893,322 14864,706763280463
-4983,0 -74789,0 -19930,55 13601,147712141785
-4977,0 -71404,0 -20114,82 14291,527992611564
-4977,0 -81514,0 -20279,482 14575,907984536536
-4971,0 -72255,0 -20466,844 13703,084809620932
-4968,0 -79324,0 -20234,614 14387,150432417255
-4968,0 -78718,0 -19369,518 13168,101725369383
-4968,0 -75767,0 -20473,658 14394,5153900031
-4968,0 -86124,0 -19492,712 13751,309290575058
-4968,0 -69088,0 -18857,304 12711,902641523971
-4968,0 -79446,0 -19599,906 13880,295473265827
-4968,0 -73478,0 -20422,084 14159,815688946795
-4968,0 -76055,0 -19953,8 13856,793218634664
-4968,0 -78922,0 -20042,398 14183,480216350148
-4968,0 -82950,0 -21422,318 15131,5754661858
-4968,0 -77640,0 -21366,384 14514,204021321451
-4968,0 -73571,0 -21245,108 14506,396268416776
-4968,0 -76118,0 -19608,138 13527,480453024358
-4968,0 -71462,0 -20909,922 14374,25311742895
-4968,0 -67381,0 -20588,472 13584,033369997884
-4968,0 -75784,0 -20458,756 14241,229356079624
-4968,0 -85008,0 -19693,328 13956,16467373526
-4968,0 -75604,0 -21121,83 15114,215153196015
-4956,0 -73684,0 -20556,394 14036,168489825279
-4956,0 -69378,0 -20498,036 13437,877433088306
-4956,0 -74875,0 -21661,468 14991,66675419968
-4956,0 -74232,0 -20938,368 14514,109275617851
-4956,0 -72597,0 -20463,436 13634,049276055297
-4956,0 -82529,0 -19865,096 14319,590670503958
-4956,0 -77949,0 -20129,666 13713,471854145622
-4956,0 -76453,0 -20632,674 14153,604474610847
-4956,0 -74752,0 -21582,0 13771,170560268289
-4956,0 -82744,0 -21524,778 14370,445477601452
-4956,0 -84246,0 -22390,872 14986,828458737227
-4956,0 -81561,0 -22162,17 15707,344299820388
-4956,0 -85069,0 -21700,154 14616,436889279279
-4956,0 -92682,0 -22433,698 14664,086361679543
-4956,0 -102903,0 -21295,854 14252,22257659078
-4955,0 -75149,0 -21049,166 13611,642232825685
-4955,0 -83992,0 -22534,722 15079,033791483987
-4955,0 -80528,0 -21157,01 13658,42523199142
-4955,0 -76949,0 -21262,254 13907,049401705734
-4955,0 -80395,0 -21503,086 14298,635423515212
-4955,0 -75911,0 -22920,022 14993,23823826981
-4955,0 -79367,0 -21655,416 14410,61976012636
-4937,0 -73120,0 -20566,308 13696,561512771597
-4937,0 -79918,0 -22259,422 14783,46534855464
-4937,0 -70651,0 -22002,824 13699,321175920511
-4937,0 -81559,0 -21742,356 14007,556096666682
-4937,0 -66033,0 -21438,9 13402,403823269922
-4937,0 -101316,0 -21743,41 14625,990925810805
-4937,0 -76142,0 -22698,464 15299,46255306715
-4937,0 -76200,0 -22079,848 14581,904920719238
-4937,0 -105852,0 -21242,998 14657,658491655347
-4937,0 -78269,0 -21478,976 14855,827442031761
-4937,0 -71505,0 -20798,094 13673,935055175743
-4937,0 -77338,0 -21244,516 14076,479367716347
-4937,0 -79795,0 -22152,738 15058,55178672093
-4937,0 -74960,0 -21729,87 14798,893453130206
-4937,0 -72999,0 -20021,962 14279,65710528638
-4937,0 -81009,0 -21039,784 14650,465843287851
-4937,0 -74173,0 -20484,632 13782,205793144143
-4937,0 -82978,0 -20803,856 14619,138053909466
-4937,0 -75059,0 -20965,168 14492,66907231984
-4937,0 -80614,0 -19863,226 13696,952695943872
-4937,0 -75231,0 -20456,488 14429,832928826858
-4937,0 -71654,0 -20137,326 14029,54256715892
-4937,0 -68356,0 -19747,28 13324,414476951688
-4937,0 -77127,0 -19404,83 13812,761063780843
-4937,0 -72355,0 -19748,066 13772,209754198631
-4937,0 -80970,0 -19307,486 13239,829613171158
-4937,0 -89567,0 -19697,846 14450,671306284838
-4937,0 -68731,0 -19768,142 13877,979760247383
-4937,0 -68629,0 -19640,552 13004,22304112383
-4937,0 -78535,0 -19798,398 13735,342430663888
-4937,0 -74691,0 -19916,986 13614,688147210863
-4935,0 -80356,0 -20243,104 13742,975785658073
-4935,0 -69695,0 -20356,774 13162,644115941292
-4925,0 -75721,0 -21903,122 14736,300853033496
-4925,0 -71845,0 -22200,996 14577,2946651971
-4925,0 -67594,0 -20312,36 12584,278780065235
-4925,0 -78097,0 -20730,064 13617,261498697308
-4925,0 -72515,0 -20594,712 13129,518542622036
-4925,0 -78233,0 -20120,108 12949,076078405593
-4925,0 -68958,0 -21239,418 13883,53551453218
-4925,0 -74738,0 -21224,402 14873,350954522522
-4925,0 -60953,0 -19086,856 12490,834826674478
-4925,0 -73296,0 -20602,492 13770,928584882578
-4925,0 -74988,0 -21010,746 14846,9501798007
-4925,0 -86773,0 -21120,82 14507,567091404397
-4925,0 -87896,0 -19419,56 13404,832788304382
-4925,0 -83624,0 -20171,162 14465,564911048448
-4923,0 -87942,0 -20104,568 14462,620459701484
-4923,0 -76042,0 -20150,284 13593,910170048353
-4923,0 -67090,0 -20132,468 13433,14680813755
-4279,0 -64449,0 -20026,954 13543,168249412105
-4279,0 -77260,0 -18904,708 13655,663367216408
-4279,0 -68143,0 -19558,206 13231,391379880048
-4279,0 -87119,0 -20617,17 14329,647204348756
-4279,0 -78145,0 -21632,76 15172,715016845206
-4279,0 -84732,0 -20906,478 14254,02543976669
-4279,0 -74902,0 -21154,592 14316,129625060532
-4279,0 -70234,0 -20788,034 14031,136428416765
-4279,0 -71746,0 -20405,858 13629,827907124725
-4279,0 -82148,0 -20849,032 13849,148442376372
-4279,0 -68058,0 -19503,834 13162,23537695797
-4279,0 -65067,0 -18750,336 12295,904041553997
-4279,0 -77177,0 -20061,608 13923,543511561129
-4279,0 -78173,0 -21026,066 14499,155217792655
-4279,0 -65491,0 -20499,126 13242,072619424958
-4279,0 -94278,0 -20384,062 13666,808122241122
-4279,0 -85125,0 -21482,77 14615,910429018784
-4279,0 -79618,0 -21483,616 14967,878956904473
-4279,0 -74446,0 -21449,854 14158,084609461966
-4279,0 -81260,0 -21539,584 13538,073057379474
-4279,0 -75456,0 -21219,53 13921,4974644648
-4279,0 -93358,0 -21915,502 14313,751553872797
-4279,0 -83236,0 -20888,522 13313,728264521404
-4279,0 -88250,0 -21156,15 13949,697423510674
-4279,0 -88268,0 -20780,706 13536,821000942715
-4279,0 -82566,0 -21012,978 13555,79809769665
-4279,0 -91410,0 -20035,902 13278,727645086934
-4279,0 -65940,0 -19144,108 12212,607916261613
-4279,0 -69635,0 -20093,772 13008,28130584575
-4279,0 -80663,0 -20562,392 13819,773524567474
-4279,0 -86178,0 -21510,534 14318,666372845062
-4279,0 -90855,0 -21544,504 13958,591461103237
-4279,0 -74102,0 -21726,662 13823,689103844754
-4278,0 -75590,0 -21027,35 13393,591572520805
-4278,0 -78977,0 -21759,886 13855,755253937044
-4278,0 -87917,0 -21419,17 13837,447362179915
-4278,0 -85488,0 -22359,042 14948,098676160658
-4272,0 -78209,0 -21170,698 13913,589380989935
-4272,0 -70687,0 -20858,496 14104,368771057567
-4272,0 -106121,0 -21406,86 14689,28554846695
-4272,0 -101074,0 -20900,356 14123,317610578046
-4272,0 -86953,0 -21187,522 14121,75122247648
-4272,0 -74725,0 -21278,236 13878,68067952801
-4272,0 -86091,0 -21999,816 14986,83818042164
-4272,0 -79710,0 -21618,038 15009,673678416726
-4272,0 -102193,0 -21517,538 14744,184891561692
-4272,0 -87739,0 -21261,73 14587,087199886757
-4272,0 -83593,0 -22139,104 15138,233828461758
-4272,0 -75760,0 -21746,184 14236,426808793842
-4272,0 -93191,0 -22006,904 14935,429337343598
-4272,0 -79456,0 -21141,368 13555,648130597667
-4272,0 -77388,0 -21017,726 14359,280133311839
-4272,0 -81791,0 -21191,284 13868,301776906348
-4272,0 -83715,0 -21034,784 13923,285141996623
-4250,0 -74122,0 -21381,31 13809,1318709722
-4250,0 -78893,0 -20967,396 14413,911762709804
-4250,0 -76036,0 -21096,65 13721,055927569876
-4250,0 -74447,0 -20689,56 13580,174537405614
-4250,0 -85257,0 -19943,994 13990,107357342335
-4250,0 -80995,0 -20471,844 14236,361195602756
-4250,0 -78748,0 -20603,668 13574,73357505686
-4250,0 -80919,0 -21630,998 15511,742134331527
-4250,0 -86571,0 -20933,796 14835,77237417668
-4250,0 -80212,0 -22077,096 14857,848513253319
-4250,0 -82724,0 -20427,578 13858,24702521628
-4250,0 -74066,0 -21733,848 14077,061323191569
-4250,0 -91813,0 -22426,276 14997,039986738182
-4250,0 -85895,0 -20958,724 13615,483762093216
-4250,0 -103729,0 -21250,368 15395,251521055969
-4250,0 -77604,0 -19906,036 13292,84186525605
-4250,0 -84898,0 -20291,122 14047,050415055688
-4250,0 -73175,0 -21569,88 14298,168085233863
-4250,0 -86781,0 -21370,588 14072,897191490316
-4250,0 -90278,0 -22320,962 14822,516074828734
-4250,0 -89883,0 -22712,544 15330,279560010118
-4250,0 -74517,0 -21270,89 13164,68907000466
-4250,0 -71874,0 -20733,784 12777,637801148694
-4250,0 -78914,0 -21938,438 14435,82552465068
-4250,0 -75988,0 -21079,262 13353,554618353715
-4250,0 -82691,0 -21019,676 13906,434416449962
-4250,0 -93398,0 -22580,552 14193,254037862356
-4250,0 -73683,0 -21094,068 13652,802836904079
-4250,0 -77128,0 -21204,314 13757,270523886777
-4250,0 -75217,0 -22661,802 14754,741662489243
-4250,0 -73045,0 -21072,684 14115,34200818896
-4250,0 -87343,0 -20371,152 13634,984927197245
-4250,0 -90674,0 -19894,494 12686,47600848889
-4250,0 -73131,0 -20244,59 13003,122474617394
-4250,0 -86285,0 -19475,63 12954,868937704467
-4250,0 -75422,0 -20806,874 13603,928774369711
-4250,0 -82202,0 -21376,004 14335,540539790749
-4250,0 -71936,0 -21928,858 14517,393811901506
-4250,0 -87021,0 -20772,018 14031,457280755843
-4250,0 -79282,0 -20930,942 14365,645920968398
-4250,0 -73461,0 -20043,492 13047,321699948085
-4250,0 -71518,0 -20577,032 13673,789018372927
-4250,0 -73137,0 -21083,856 14378,866010060181
-4250,0 -76620,0 -19908,282 13330,230116786284
-4250,0 -79038,0 -19973,972 14117,756157945783
-4250,0 -81309,0 -20965,894 14698,047763113436
-4245,0 -71878,0 -20187,68 13816,82784193246
-4245,0 -69510,0 -21322,934 14505,812163462057
-4245,0 -72870,0 -19856,13 13380,967187655006
-4245,0 -72445,0 -20033,264 13848,245625143418
-4245,0 -86160,0 -20480,198 14354,696001615495
-4245,0 -88348,0 -20200,636 14372,668218653893
-4245,0 -85047,0 -20167,986 14373,055875275935
-4245,0 -82283,0 -20553,992 14109,180824269553
-4245,0 -78161,0 -20292,492 13983,798914670364
-4245,0 -81451,0 -21138,47 14576,9548481533
-4245,0 -80326,0 -20606,282 13655,585069065184
-4245,0 -76832,0 -20922,438 13535,659696008763
-4245,0 -75294,0 -20764,884 13377,924840517835
-4245,0 -73713,0 -20684,84 14086,69501900286
-4245,0 -66061,0 -20384,574 13686,746751384126
-4245,0 -74086,0 -20296,988 14028,406428238954
-4245,0 -76698,0 -19800,168 13022,005130845862
-4245,0 -95293,0 -20690,848 14027,120778438317
-4245,0 -75537,0 -21103,026 14406,72729447337
-4245,0 -89967,0 -21176,826 14290,387144361206
-4245,0 -73255,0 -21672,328 14227,723593197052
-4245,0 -90071,0 -21682,448 14149,446325255838
-4245,0 -90399,0 -22079,76 14392,650962571139
-4245,0 -79355,0 -22782,556 14266,20632343665
-4245,0 -80020,0 -21998,498 14231,546701676378
-4245,0 -85675,0 -23528,974 15129,416056851758
-4245,0 -70766,0 -22195,248 13582,857628588185
-4245,0 -81333,0 -21646,016 13786,86668216329
-4245,0 -96576,0 -22275,314 14525,92045177874
-4245,0 -75053,0 -21426,816 14200,835209879164
-4245,0 -82697,0 -20921,184 13396,41611663896
-4245,0 -91243,0 -20553,458 14212,114003632112
-4245,0 -69611,0 -21298,298 13375,491550638273
-4245,0 -81880,0 -21228,652 13963,379471420807
-4245,0 -82605,0 -21601,942 14321,09135501328
-4245,0 -73048,0 -21886,868 13823,819578053528
-4245,0 -81602,0 -21914,31 14507,36296691787
-4245,0 -76946,0 -21942,37 15014,951924301982
-4245,0 -75821,0 -21015,934 13457,088363596487
-4245,0 -75010,0 -21397,93 13800,89688480789
-4245,0 -80012,0 -21713,984 14505,24354113863
-4245,0 -74360,0 -21548,886 13684,424432799651
-4245,0 -81302,0 -21295,366 13367,113056754035
-4241,0 -79348,0 -20495,56 13562,767742551658
-4241,0 -84980,0 -22378,7 14532,722715100554
-4241,0 -75307,0 -22546,096 14706,34952660871
-4241,0 -73213,0 -21782,348 13178,504287926457
-4241,0 -78170,0 -23284,52 15898,331070323067
-4241,0 -117405,0 -22315,754 15069,099734937192
-4241,0 -82764,0 -22245,472 14595,416799023453
-4241,0 -80257,0 -21648,736 14713,15828999009
-4241,0 -73282,0 -21910,644 14437,190306194063
-4241,0 -76121,0 -21583,626 14532,89118882145
-4241,0 -83154,0 -20849,15 14849,601716392952
-4241,0 -78817,0 -20735,436 14555,73112783772
-4241,0 -93400,0 -19932,93 13856,311247409967
-4241,0 -74100,0 -20535,564 14056,908252880654
-4241,0 -73563,0 -20046,308 13843,664115296066
-4241,0 -92265,0 -19967,328 13917,900594429322
-4240,0 -72331,0 -20240,67 13881,917917244007
-4240,0 -76249,0 -21381,676 15136,822854318669
-4240,0 -94080,0 -20840,076 13779,735681725684
-4240,0 -86112,0 -21088,32 14121,504494975019
-4240,0 -78985,0 -22114,946 15534,300476142593
-4240,0 -69378,0 -21416,674 13664,403582437257
-4240,0 -79728,0 -20768,8 14302,487456383229
-4240,0 -78618,0 -20750,67 14845,900431738726
-4240,0 -74904,0 -21647,836 14802,189134486287
-4240,0 -96247,0 -21983,926 14928,631201973074
-4240,0 -87512,0 -21150,576 13927,63586773519
-4240,0 -76139,0 -21918,252 14465,152008482171
-4240,0 -82202,0 -21096,544 13624,101576399964
-4240,0 -95998,0 -21096,18 13858,270694989327
-4240,0 -78053,0 -22435,348 14972,678100156169
-4240,0 -80467,0 -21794,868 13698,885129621902
-4240,0 -102037,0 -22536,568 14602,101100779157
-4240,0 -73302,0 -21439,756 13656,448246321737
-4240,0 -75437,0 -22514,012 13685,714492267329
-4239,0 -75497,0 -22762,158 13975,97476976243
-4239,0 -90646,0 -23121,42 14393,286573524474
-4239,0 -70163,0 -22177,62 13678,182953141117
-4239,0 -84859,0 -22481,952 14680,99632878151
-4239,0 -83374,0 -22503,104 14820,818096218034
-4239,0 -82941,0 -22620,77 15118,3932543475
-4239,0 -88311,0 -22015,832 14658,261535113093
-4239,0 -76107,0 -22273,654 14848,72893571312
-4239,0 -73897,0 -21722,646 14224,66471452611
-4239,0 -86970,0 -22027,41 15141,730925686805
-4239,0 -88017,0 -22590,184 15846,600043105265
-4239,0 -83640,0 -22090,322 15427,695608817156
-4239,0 -68071,0 -22837,784 14849,81870035267
-4239,0 -73011,0 -21747,852 13880,079329675893
-4239,0 -71660,0 -22536,412 14259,932407632796
-4239,0 -73875,0 -22233,492 14624,209778785853
-4239,0 -83040,0 -21756,56 13485,037026512018
-4239,0 -84452,0 -22813,27 15000,338604081577
-4239,0 -84720,0 -22389,802 14427,617726665621
-4238,0 -80169,0 -21387,95 14360,795487698433
-4238,0 -72711,0 -21079,684 13856,116186152021
-4238,0 -75484,0 -21136,906 14125,322524642193
-4238,0 -84210,0 -21577,22 14402,95747794876
-4238,0 -82642,0 -21558,212 14864,488951560228
-4238,0 -67165,0 -22066,51 14147,607269425462
-4238,0 -93909,0 -22112,674 14683,466852883344
-4238,0 -77491,0 -21914,03 13815,448129579447
-4238,0 -74029,0 -22045,172 14769,480320526376
-4238,0 -73827,0 -21522,376 14456,01001060196
-4238,0 -82991,0 -21614,122 15110,27871414409
-4238,0 -75196,0 -20491,642 14515,868320491063
-4238,0 -76520,0 -22071,144 15096,8033303499
-4238,0 -99253,0 -20759,76 14299,33365490854
-4238,0 -88657,0 -21992,192 14498,6757377057
-4238,0 -78814,0 -21341,268 14691,002415362134
-4238,0 -69669,0 -21879,26 14286,176620929755
-4238,0 -102273,0 -21364,962 14814,934715770974
-4236,0 -78437,0 -20737,838 13961,489015278996
-4236,0 -77292,0 -21618,698 14666,747911476352
-4236,0 -78437,0 -21866,766 15141,640079438026
-4236,0 -74221,0 -21209,234 14518,699566257446
-4236,0 -82783,0 -20693,914 14120,287215443032
-4236,0 -81730,0 -21247,504 14048,417664135137
-4236,0 -96568,0 -21682,714 15018,347857610837
-4236,0 -75429,0 -22051,308 15058,604864898203
-4236,0 -73684,0 -20642,874 14074,104803294736
-4236,0 -91284,0 -21008,246 13915,434541597471
-4236,0 -79067,0 -21667,532 14690,709172023524
-4234,0 -69764,0 -21965,746 14391,40028633363
-4234,0 -96724,0 -21659,718 14572,917327648438
-4234,0 -81951,0 -23721,782 15567,116660656071
-4234,0 -75026,0 -22454,248 14147,929531436605
-4234,0 -84552,0 -22800,606 14946,965056584695
-4234,0 -80747,0 -21462,172 13829,835993330358
-4234,0 -74793,0 -22399,176 14622,314730747112
-4234,0 -79936,0 -22386,354 15039,99891770888
-4234,0 -87642,0 -22775,518 16158,397419474373
-4234,0 -79445,0 -21442,75 14027,564505626058
-4234,0 -76558,0 -20857,318 14281,494280532272
-4234,0 -82029,0 -21759,116 15003,797459261576
-4234,0 -75289,0 -21339,78 14408,704732056938
-4234,0 -75468,0 -20666,75 13401,00692006015
-4234,0 -91924,0 -21881,496 14949,142588723405
-4234,0 -101370,0 -22094,204 15108,623621044511
-4234,0 -76598,0 -22552,07 14755,346372386512
-4234,0 -69809,0 -23104,244 14509,890064106754
-4234,0 -90212,0 -22318,838 15026,251449771366
-4234,0 -82756,0 -21890,192 14161,283905180917
-4234,0 -84904,0 -22357,394 14236,526031120236
-4234,0 -82761,0 -23009,908 14535,269359029291
-4234,0 -93656,0 -22197,462 14218,457863655813
-4234,0 -77108,0 -22632,284 14095,713345529699
-4234,0 -84646,0 -23934,172 15350,511973039076
-4234,0 -90957,0 -23773,12 15241,313327059455
-4234,0 -73460,0 -23833,166 14595,882114844726
-4234,0 -82476,0 -24197,188 14266,989296857822
-4234,0 -96952,0 -23350,248 14514,82792438463
-4234,0 -98790,0 -23313,146 15085,19680536797
-4234,0 -73319,0 -22425,456 13837,64788842613
-4234,0 -77302,0 -22250,024 14749,885559672119
-4234,0 -83207,0 -22321,226 15143,509479342096
-4234,0 -101991,0 -21411,32 13706,734945040698
-4234,0 -84165,0 -22614,164 14946,742390805557
-4234,0 -87022,0 -23021,184 14896,6785811517
-4234,0 -81365,0 -22125,63 14926,724772337042
-4234,0 -101536,0 -21169,624 13885,010446327507
-4234,0 -75281,0 -22110,95 14060,002832841094
-4234,0 -82982,0 -21530,402 13769,682615964537
-4234,0 -70809,0 -22531,28 14561,303382376176
-4234,0 -95640,0 -22288,174 14318,726433720421
-4234,0 -78031,0 -21394,008 13656,587910160288
-4234,0 -75154,0 -21654,064 14526,37656499045
-4234,0 -79200,0 -22426,09 14702,175356113123
-4234,0 -86235,0 -21544,464 14824,724977034286
-4234,0 -79100,0 -21036,932 14395,664093725449
-4234,0 -79210,0 -22188,588 14988,385261069852
-4234,0 -80768,0 -22907,622 15880,712573153507
-4234,0 -88173,0 -20211,154 13199,675313062975
-4234,0 -81691,0 -20876,52 13764,874914418942
-4234,0 -81955,0 -21762,346 15086,138568311113
-4234,0 -79109,0 -21295,348 14811,81962997444
-4234,0 -83210,0 -21823,024 14756,077455591769
-4234,0 -75289,0 -20320,954 13986,397737941112
-4234,0 -81233,0 -20223,378 13681,284055786435
-4234,0 -75380,0 -21739,366 14480,710478151419
-4234,0 -85323,0 -22535,632 15624,470766607616
-4234,0 -84497,0 -21774,214 15115,303992054018
-4234,0 -74876,0 -21573,06 14489,44345875299
-4234,0 -74993,0 -21725,242 14402,07405297709
-4234,0 -87510,0 -21588,344 14019,282977587118
-4234,0 -80817,0 -21296,89 14887,370134241306
-4234,0 -77131,0 -20508,058 12771,363674981458
-4234,0 -78039,0 -21862,836 14446,767359693451
-4234,0 -68960,0 -19969,382 12914,460030372002
-4234,0 -78826,0 -21625,204 13846,57482204115
-4234,0 -74503,0 -21434,906 13834,367140175373
-4234,0 -67712,0 -21887,602 13518,09598810409
-4234,0 -85756,0 -22178,264 14680,072702487007
-4234,0 -72272,0 -20421,22 13014,30204473525
-4232,0 -78062,0 -21054,378 13676,633454001607
-4232,0 -86500,0 -21493,962 14002,347844149423
-4232,0 -79292,0 -22267,506 14656,58851540712
-4232,0 -81881,0 -20829,088 13539,230871960795
-4232,0 -80547,0 -22161,414 14969,661985449231
-4232,0 -87047,0 -22218,36 14562,89604077431
-4232,0 -75208,0 -22441,57 14524,726876643843
-4232,0 -77371,0 -22009,802 14489,063729958407
-4232,0 -77577,0 -22100,434 14859,06135506694
-4232,0 -75639,0 -22626,792 15044,29986183259
-4232,0 -81180,0 -22674,442 14353,406201269303
-4232,0 -82291,0 -22644,734 13896,255084275188
-4232,0 -76851,0 -22185,386 13644,554147681187
-4232,0 -96935,0 -23794,968 15902,56243751227
-4232,0 -75161,0 -24036,858 15207,742928845037
-4232,0 -87088,0 -22883,186 14789,764028658607
-4232,0 -81417,0 -22339,062 14889,151070969629
-4232,0 -79926,0 -21828,768 14866,834128965582
-4232,0 -99709,0 -23256,752 16299,027177058631
-4232,0 -84403,0 -22140,992 14967,256427413004
-4232,0 -80994,0 -21751,398 14849,732922971914
-4232,0 -75491,0 -22117,672 15566,154595930757
-4232,0 -73863,0 -21479,422 14766,193728240054
-4232,0 -82095,0 -21923,034 15228,831351644945
-4232,0 -86539,0 -21307,882 15007,00143559918
-4232,0 -102488,0 -20715,676 14564,128994451532
-4232,0 -71936,0 -21679,902 15802,042409017764
-4232,0 -99983,0 -20075,078 15000,52360579176
-4232,0 -71169,0 -19973,398 13882,418809832678
-4232,0 -87600,0 -21297,318 14876,349164122092
-4232,0 -88117,0 -20862,004 14678,058683762787
-4232,0 -77976,0 -20508,97 14712,88268060002
-4232,0 -86321,0 -20941,926 14387,871886576002
-4232,0 -78732,0 -22061,302 14422,76854514404
-4232,0 -79545,0 -22080,414 14895,790450681156
-4232,0 -74580,0 -22158,68 14635,60072868893
-4232,0 -79821,0 -22808,336 15056,863240632289
-4232,0 -82731,0 -23668,752 16180,348888280996
-4232,0 -79741,0 -23858,28 15170,469524757627
-4232,0 -78481,0 -23053,284 14773,549931121624
-4232,0 -83783,0 -22856,496 14141,43016961099
-4232,0 -84353,0 -23548,704 15232,193980920281
-4232,0 -82668,0 -24111,146 16553,406724196793
-4232,0 -77414,0 -21801,072 14085,277963420394
-4232,0 -104219,0 -21977,366 14329,661847512098
-4232,0 -75173,0 -21674,392 14042,910406832914
-4232,0 -84886,0 -21923,942 15029,795102483471
-4232,0 -86188,0 -21163,772 14993,986325591204
-4232,0 -79679,0 -22003,932 14692,344445709683
-4232,0 -86952,0 -21329,086 14249,10346788892
-4232,0 -74567,0 -22367,924 14541,324687050495
-4232,0 -85399,0 -22643,378 16078,688352073868
-4232,0 -79480,0 -21968,742 14959,862969273354
-4232,0 -88007,0 -21599,156 14811,2791578467
-4232,0 -76630,0 -20578,932 14405,338148039978
-4232,0 -77604,0 -21085,4 15021,933276645866
-4232,0 -79502,0 -21910,51 15212,122112509485
-4232,0 -83259,0 -22101,684 15668,263403202796
-4232,0 -78970,0 -21162,3 14114,168153384007
-4232,0 -73849,0 -21307,626 14716,650347892479
-4232,0 -94589,0 -22026,366 15820,199416443656
-4232,0 -81541,0 -21012,296 14357,612136994916
-4232,0 -82696,0 -20621,088 14380,984916209869
-3550,0 -100263,0 -20160,044 14736,764279788958
-3550,0 -79686,0 -19474,502 13403,681389454016
-3550,0 -71635,0 -20002,174 13206,760525871747
-3550,0 -85801,0 -21588,198 14806,017145295893
-3544,0 -75892,0 -19688,714 13558,191033917621
-3542,0 -70894,0 -18374,678 12533,143414096721
-3542,0 -83009,0 -19282,7 13896,301260335422
-2842,0 -78575,0 -20104,648 14051,782156584124
-2842,0 -76689,0 -20949,444 14464,745896380751
-2842,0 -69951,0 -20438,212 13412,76281304698
-2842,0 -80386,0 -20854,132 14301,518088600806
-2842,0 -75683,0 -21021,944 14146,135604640012
-2842,0 -82053,0 -21388,296 14708,990809718529
-2842,0 -74232,0 -22549,764 14588,63492381327
-2842,0 -72566,0 -22464,906 14582,300552696206
-2842,0 -82861,0 -22782,314 15359,918640390126
-2842,0 -89262,0 -22449,976 14653,103120207135
-2842,0 -85866,0 -22074,89 14156,510726937626
-2842,0 -91013,0 -22923,562 15494,109777142925
-2842,0 -77887,0 -22485,004 14831,319969037955
-2842,0 -82974,0 -21798,382 14717,595227484551
-2842,0 -82454,0 -21548,354 14288,370321652634
-2842,0 -74731,0 -22147,7 14543,956884768313
-2842,0 -85350,0 -21072,578 14678,331219587459
-2842,0 -75255,0 -21089,928 14672,448585386699
-2842,0 -73323,0 -21554,872 14777,127628047881
-2842,0 -88525,0 -21393,178 14837,54444112354
-2842,0 -70946,0 -19565,274 12815,95164609027
-2842,0 -74349,0 -20104,386 13527,20880673482
-2842,0 -82958,0 -21294,814 15148,959024547
-2842,0 -81257,0 -19584,422 12696,923139875897
-2842,0 -70367,0 -20390,19 14530,949573854414
-2842,0 -91198,0 -20666,128 14812,076530575181
-2842,0 -80990,0 -20539,442 14649,715990920635
-2842,0 -91200,0 -19544,082 14421,81430470091
-2842,0 -82693,0 -20382,898 14476,846217170229
-2842,0 -86958,0 -20946,17 15463,070353235156
-2842,0 -79890,0 -19708,084 13792,947771123621
-2842,0 -81979,0 -20770,754 15598,446726821352
-2842,0 -77800,0 -19997,178 13894,799595471537
-2842,0 -73482,0 -18883,928 12505,645984866833
-2842,0 -85825,0 -20749,568 14557,508731282831
-2842,0 -78969,0 -21653,17 15121,829120351145
-2842,0 -79406,0 -20959,696 14976,940379115626
-2842,0 -72867,0 -19579,16 13656,362767237844
-2842,0 -84794,0 -20169,878 13834,577715677337
-2842,0 -79020,0 -19411,542 13761,057461410292
-2842,0 -85391,0 -20515,72 15116,41156722057
-2842,0 -84636,0 -19477,506 14279,948437090516
-2842,0 -77187,0 -20159,222 14400,93318784293
-2842,0 -82362,0 -20807,158 15029,394548451919
-2842,0 -84421,0 -19565,426 13809,849955757096
-2842,0 -83360,0 -20193,276 15066,498866154141
-2842,0 -73340,0 -20501,774 15301,425995211168
-2842,0 -90500,0 -21225,538 15492,354895901273
-2842,0 -93470,0 -21843,896 15362,81239308689
-2841,0 -85810,0 -21104,588 14907,470178345362
-2841,0 -72386,0 -22241,804 15397,493252526003
-2841,0 -91248,0 -21732,66 15104,108435667416
-2841,0 -83796,0 -21372,512 15660,957038759028
-2841,0 -74657,0 -21261,542 14755,203875658106
-2841,0 -77550,0 -21619,356 14372,758690288514
-2841,0 -79829,0 -21390,198 14868,647507248133
-2841,0 -86464,0 -22008,466 15899,237638479519
-2841,0 -76917,0 -20747,704 14881,537218459123
-2841,0 -82480,0 -20602,124 15374,856775938564
-2841,0 -95725,0 -21074,242 15311,161818733284
-2841,0 -81000,0 -21387,868 14649,35381655369
-2841,0 -85887,0 -21709,084 15324,852998216451
-2841,0 -86001,0 -22157,804 15587,800946560234
-2835,0 -87239,0 -21148,01 14952,83479912421
-2835,0 -86290,0 -21783,628 15671,137470828853
-2835,0 -83092,0 -21453,036 14573,771246822287
-2835,0 -74365,0 -22333,488 14473,001004969768
-2835,0 -76183,0 -23108,582 15810,624919315367
-2835,0 -72754,0 -22224,01 15117,846738669503
-2835,0 -87756,0 -22174,036 14637,101139730647
-2835,0 -77100,0 -23736,738 16127,08499429937
-2827,0 -79086,0 -23058,112 14774,736992429205
-2827,0 -73791,0 -23977,706 14675,40541843952
-2827,0 -80448,0 -23886,872 15516,32261857222
-2827,0 -84896,0 -23636,998 15353,830514044239
-2827,0 -74111,0 -22815,636 15645,264414240619
-2827,0 -77433,0 -22432,748 15439,07684469819
-2827,0 -85856,0 -22952,332 14832,632254787955
-2827,0 -85693,0 -24395,51 16582,853626258056
-2827,0 -84257,0 -22473,048 15477,932744836955
-2827,0 -83890,0 -21423,03 15147,846782863224
-2827,0 -107130,0 -21262,514 15746,049312440378
-2827,0 -74862,0 -21531,568 14930,970797552856
-2827,0 -82031,0 -20597,526 14899,630199616498
-2827,0 -73810,0 -20219,594 14694,375889746527
-2827,0 -74152,0 -20179,45 14319,06554128096
-2827,0 -82923,0 -20099,2 14413,587775845388
-2827,0 -77399,0 -19912,188 14217,870046411877
-2827,0 -88036,0 -19999,068 14855,473295434787
-2819,0 -80871,0 -20434,044 14233,258110287472
-2819,0 -75385,0 -20495,61 14855,864628957142
-2819,0 -93645,0 -20510,498 14742,903994057486
-2819,0 -71565,0 -21932,832 15518,752150858521
-2819,0 -79676,0 -21404,132 15816,952043000454
-2819,0 -78333,0 -21466,372 15299,459473249895
-2819,0 -77635,0 -20733,802 14651,414762090246
-2819,0 -79658,0 -20813,54 14426,52132346533
-2819,0 -75297,0 -20888,348 14758,416854354544
-2819,0 -77878,0 -21062,272 15248,038320453425
-2819,0 -103036,0 -21246,862 15847,96272203326
-2819,0 -83566,0 -21647,066 15633,391586909229
-2819,0 -89988,0 -21988,246 15381,346049858059
-2819,0 -77964,0 -21310,762 14740,12016604193
-2819,0 -68821,0 -21683,48 15385,486569673372
-2819,0 -71964,0 -21366,952 14845,052995718679
-2819,0 -115883,0 -20847,214 15438,932883855807
-2819,0 -98407,0 -21415,504 16090,218971846969
-2819,0 -81464,0 -20406,03 14702,94423811435
-2819,0 -74294,0 -20282,442 14883,955552158703
-2811,0 -65272,0 -19204,104 12789,327077731035
-2811,0 -77210,0 -21423,904 15920,857217963612
-2811,0 -86557,0 -19988,914 14566,72230622263
-2811,0 -70120,0 -20426,842 14193,555835555657
-2811,0 -82994,0 -21683,904 15312,424718469114
-2811,0 -90154,0 -21256,298 14147,129616469765
-2811,0 -82707,0 -19930,736 13920,436230603691
-2811,0 -78065,0 -20394,298 14527,681955810978
-2811,0 -81015,0 -20614,852 15275,549988988809
-2811,0 -75723,0 -20287,646 14315,715219879312
-2811,0 -75491,0 -21286,502 14821,894735626616
-2811,0 -84157,0 -21221,942 15073,890267168461
-2811,0 -79111,0 -21847,018 14468,268554795215
-2811,0 -75795,0 -21533,674 14551,192572010174
-2811,0 -88828,0 -20400,312 13721,273487495835
-2811,0 -70209,0 -21027,926 14233,580076162287
-2811,0 -82788,0 -20832,326 13898,14443498571
-2811,0 -75473,0 -21506,564 14744,945663714863
-2811,0 -69230,0 -21519,914 14397,605403906722
-2811,0 -85978,0 -21363,532 14996,357741030854
-2811,0 -82652,0 -20997,39 14477,675515838167
-2811,0 -68175,0 -20045,644 14175,89643829497
-2811,0 -79242,0 -21100,696 14881,666953254397
-2811,0 -68791,0 -19955,442 13591,492507102957
-2811,0 -72368,0 -21091,15 14726,666507648646
-2811,0 -75219,0 -21586,78 14706,052591351634
-2811,0 -71889,0 -20228,088 13945,9701932944
-2811,0 -81706,0 -20157,326 14509,659927500847
-2811,0 -79764,0 -20331,206 14641,841779897917
-2811,0 -74615,0 -19728,5 13563,723344200147
-2811,0 -91255,0 -20820,442 15116,580926077027
-2811,0 -84458,0 -21451,29 15421,566333738603
-2811,0 -70124,0 -21055,344 14035,102173965968
-2811,0 -85041,0 -22280,296 16079,672380256508
-2811,0 -84247,0 -21038,644 15098,33141751975
-2811,0 -84252,0 -20806,458 14548,87802272862
-2811,0 -92473,0 -20574,714 14435,356750153562
-2811,0 -70149,0 -20235,122 14467,889252517656
-2811,0 -108305,0 -22066,212 15778,225889720814
-2811,0 -97594,0 -21701,438 16197,223495344995
-2811,0 -103945,0 -21639,944 15575,179278353877
-2811,0 -101222,0 -21886,996 15263,780132063755
-2811,0 -79107,0 -21915,414 15414,033704991174
-2811,0 -72941,0 -21165,186 14820,506378103411
-2811,0 -75220,0 -21201,124 14176,215748239165
-2811,0 -76898,0 -20563,962 14902,435867352555
-2811,0 -80908,0 -21474,39 16207,156345944833
-2811,0 -75296,0 -20941,154 15456,279492629661
-2811,0 -71039,0 -20298,16 14723,050769538228
-2811,0 -90186,0 -20613,818 15076,588925379501
-2811,0 -72932,0 -19738,656 14219,26568742788
-2811,0 -85495,0 -20648,388 15855,829910965114
-2811,0 -77636,0 -20642,044 15112,163026849074
-2811,0 -74596,0 -19914,416 14179,831491627265
-2811,0 -89682,0 -20131,336 15150,647078824852
-2811,0 -88928,0 -21229,514 15223,10129854637
-2811,0 -70543,0 -21077,31 14861,730293539173
-2811,0 -84311,0 -21695,192 15463,516591485131
-2811,0 -111112,0 -21878,85 15644,583272669817
-2811,0 -82163,0 -21300,726 15005,592515956307
-2811,0 -78641,0 -21857,382 15272,876722742056
-2811,0 -82166,0 -23136,504 15765,9367789543
-2811,0 -78727,0 -22237,02 15735,271236162404
-2811,0 -78534,0 -21057,716 14382,456165180693
-2811,0 -75508,0 -21409,982 14332,8604470174
-2811,0 -92992,0 -21261,764 15152,213605552957
-2810,0 -81976,0 -20129,538 13734,254199502644
-2810,0 -98806,0 -20808,004 16325,569174640867
-2810,0 -81284,0 -20912,662 15657,09667006485
-2809,0 -78371,0 -19968,95 14701,899556162789
-2809,0 -79664,0 -20857,79 15844,154270578785
-2809,0 -83893,0 -20279,118 14559,965813424018
-2809,0 -75565,0 -18750,998 13031,447693560236
-2809,0 -90709,0 -20626,16 15180,77338169568
-2809,0 -87027,0 -20281,914 14798,827489048046
-2809,0 -79474,0 -20594,822 15333,559733679458
-2809,0 -95091,0 -20369,906 15115,114076220661
-2809,0 -77317,0 -20863,324 15402,924386330804
-2809,0 -105477,0 -20344,48 14796,96975740641
-2809,0 -80040,0 -21512,554 15824,309344267878
-2809,0 -72908,0 -19969,496 13316,697914047023
-2809,0 -78268,0 -21185,822 15353,191082583315
-2809,0 -84298,0 -20603,478 14081,5882161607
-2809,0 -83842,0 -21196,826 14655,456521300319
-2809,0 -91274,0 -21560,978 14868,227899165253
-2809,0 -79727,0 -21889,758 14408,37498496746
-2809,0 -75178,0 -21085,632 13907,772832793029
-2809,0 -91646,0 -22264,658 15764,09094610394
-2809,0 -81580,0 -20509,818 14555,493907692591
-2809,0 -76458,0 -20513,352 14881,876275527085
-2809,0 -82212,0 -20314,844 14975,089720855229
-2809,0 -79276,0 -19884,552 14726,633252692074
-2809,0 -87139,0 -20178,408 14653,132326623405
-2809,0 -82953,0 -19598,218 15090,091282642268
-2809,0 -71581,0 -18370,844 14238,95856668121
-2809,0 -74887,0 -18901,174 14818,616267375433
-2809,0 -82156,0 -19899,502 15358,012885070644
-2809,0 -69608,0 -19917,538 14907,931537559327
-2809,0 -94413,0 -19235,702 13993,930469928591
-2809,0 -75520,0 -20557,722 15013,562394205974
-2809,0 -78895,0 -20941,26 15751,849568872867
-2809,0 -91271,0 -20807,324 15669,185785962973
-2809,0 -76908,0 -20466,29 14795,466342697684
-2809,0 -73726,0 -21007,042 15223,500868073545
-2809,0 -84005,0 -20323,77 14932,66363182068
-2809,0 -85713,0 -20509,478 14587,897330373431
-2809,0 -73722,0 -20389,12 14656,736800857156
-2809,0 -95144,0 -19979,734 14118,606833368649
-2809,0 -78732,0 -19879,76 15577,387502479358
-2803,0 -84089,0 -20203,674 15850,5064909524
-2803,0 -73849,0 -19205,146 13555,912787735255
-2803,0 -69802,0 -18837,186 14215,337091726109
-2803,0 -75033,0 -19480,218 14411,733993884143
-2803,0 -71648,0 -19298,184 14572,457924802664
-2803,0 -74498,0 -20133,054 15443,188962487115
-2803,0 -65764,0 -19332,576 14102,955998521164
-2803,0 -90342,0 -19795,678 15169,101532467757
-2803,0 -70303,0 -19451,566 14379,324795053622
-2803,0 -93959,0 -19238,246 15129,027531519801
-2803,0 -86514,0 -19676,536 15840,0902368864
-2803,0 -80007,0 -19846,154 16013,478026159217
-2803,0 -77003,0 -19393,376 14493,890152013166
-2803,0 -76383,0 -21311,784 16358,1840830009
-2803,0 -85569,0 -21585,728 16407,779060738725
-2803,0 -101659,0 -20958,668 15921,522669448925
-2803,0 -99246,0 -20310,954 14849,658840521688
-2803,0 -74752,0 -20645,65 14185,92794298281
-2803,0 -90801,0 -22010,306 15519,350050577632
-2803,0 -77264,0 -21934,956 15561,899792058295
-2803,0 -79178,0 -23692,084 15892,48607389492
-2803,0 -93999,0 -23414,222 16677,052692988527
-2803,0 -89192,0 -22177,462 15885,899255143102
-2803,0 -82772,0 -20286,2 15805,973045782393
-2803,0 -75648,0 -20498,808 15013,856269031488
-2803,0 -79914,0 -20977,628 14299,577442204925
-2803,0 -74293,0 -19825,644 13678,863499913436
-2803,0 -76747,0 -22050,822 15078,563678093346
-2803,0 -87049,0 -22172,922 14822,264311903085
-2803,0 -78904,0 -22881,586 15910,461039787759
-2803,0 -88534,0 -21430,098 14605,176206550745
-2803,0 -82039,0 -21136,104 14405,255369245771
-2803,0 -80812,0 -21827,48 15203,306960842436
-2803,0 -85941,0 -21051,952 14933,48408006973
-2803,0 -86126,0 -21349,056 15275,263109251637
-2803,0 -82300,0 -20925,094 14621,183369384433
-2803,0 -89705,0 -21057,658 14408,370044145739
-2803,0 -73446,0 -21628,108 14240,054922377793
-2803,0 -77639,0 -22084,49 15556,613117831916
-2803,0 -89572,0 -21813,972 14556,243644677568
-2803,0 -86352,0 -22666,402 15305,83872659045
-2803,0 -92058,0 -20967,346 14340,730587605505
-2803,0 -75911,0 -21802,472 14979,344263926107
-2803,0 -92405,0 -21429,942 14693,088171199272
-2803,0 -82623,0 -21305,43 13925,569607204587
-2803,0 -97639,0 -21346,498 14752,375024178174
-2803,0 -83632,0 -22042,152 15387,841507920994
-2803,0 -87821,0 -20891,312 15464,641310895506
-2803,0 -85945,0 -20789,916 14335,443235733735
-2803,0 -81661,0 -20015,17 13654,999588762354
-2803,0 -78290,0 -21802,932 15107,753235189406
-2803,0 -72821,0 -20459,304 14885,640506863787
-2803,0 -81568,0 -20663,306 14731,318574260893
-2803,0 -75375,0 -21863,712 15757,640596011071
-2803,0 -83762,0 -20649,374 14672,343841599544
-2803,0 -81837,0 -20414,164 14500,913850551073
-2803,0 -76344,0 -21449,952 15438,630561863183
-2803,0 -71543,0 -20546,92 14393,829879833931
-2803,0 -78526,0 -21510,548 16113,527813228737
-2803,0 -91755,0 -20279,674 14511,214718407411
-2803,0 -91942,0 -21496,188 16307,902577972929
-2803,0 -89119,0 -21136,882 15904,02532983634
-2803,0 -72868,0 -20669,28 15206,958723610715
-2803,0 -80501,0 -21730,27 15968,123988280524
-2803,0 -83684,0 -21096,06 15339,645013245905
-2803,0 -79041,0 -22649,068 16316,769937808647
-2803,0 -100241,0 -21586,026 15605,88340240065
-2803,0 -100117,0 -20986,668 15546,819518530983
-2803,0 -70788,0 -20507,016 14648,483390840984
-2803,0 -84986,0 -21439,784 15277,588634380227
-2803,0 -75506,0 -20188,502 14771,64947059047
-2803,0 -82142,0 -19951,628 14369,483165431386
-2803,0 -103955,0 -20828,12 15064,758397053709
-2803,0 -77502,0 -20635,322 13834,972354374846
-2803,0 -89522,0 -19739,356 14888,280372603958
-2803,0 -101748,0 -19201,496 14143,473458736506
-2803,0 -71923,0 -19431,732 14377,565958122954
-2803,0 -74753,0 -18238,37 14157,62086118639
-2803,0 -80570,0 -19263,878 14960,232440811733
-2803,0 -80121,0 -19180,05 13507,243606283984
-2803,0 -68304,0 -20393,418 15185,523433430808
-2803,0 -84505,0 -20536,072 15904,498455557032
-2803,0 -78650,0 -20541,532 15854,35511804173
-2803,0 -79681,0 -19042,188 14074,012255666683
-2803,0 -72110,0 -19754,614 14954,445714268524
-2803,0 -74552,0 -19538,406 14950,308775177988
-2803,0 -81336,0 -19930,004 15246,94423141844
-2803,0 -73175,0 -19558,846 14787,570965722665
-2803,0 -89571,0 -19664,432 15580,919727582706
-2803,0 -87696,0 -20508,19 16233,103309900427
-2803,0 -74832,0 -21279,904 14936,723001474724
-2803,0 -95614,0 -21869,618 16124,429962391725
-2803,0 -72236,0 -20352,686 14264,548377407673
-2803,0 -78817,0 -20016,216 13746,225476156862
-2803,0 -81252,0 -20884,646 14942,875935799108
-2803,0 -75074,0 -21762,78 14827,677778519463
-2803,0 -86197,0 -22523,752 15298,82851980817
-2803,0 -95738,0 -20838,2 13857,925130985508
-2803,0 -82672,0 -21637,54 15151,468492538928
-2803,0 -88699,0 -21235,264 14984,624586899194
-2803,0 -76776,0 -20793,016 14353,132076022428
-2803,0 -75536,0 -21467,15 15261,326232392144
-2803,0 -78228,0 -20923,082 14852,871048631505
-2803,0 -73534,0 -19986,028 14726,077643256398
-2803,0 -67191,0 -19197,032 13957,540593491964
-2803,0 -77200,0 -19665,45 15308,881000239688
-2803,0 -80282,0 -20557,222 15097,871332897099
-2803,0 -76019,0 -20406,724 14898,929954457259
-2803,0 -85502,0 -20824,362 15335,09185688028
-2803,0 -69181,0 -20442,338 14477,621070457537
-2803,0 -73671,0 -20501,956 15001,001262384583
-2803,0 -76813,0 -21215,278 16055,512654559365
-2803,0 -78098,0 -21520,016 15788,724280186287
-2803,0 -68829,0 -20099,564 14736,343917739705
-2803,0 -73981,0 -20986,106 14684,010577044814
-2803,0 -80112,0 -20834,67 14334,76491488787
-2803,0 -74575,0 -20973,694 14471,124439668263
-2803,0 -72982,0 -20902,35 14486,100511162427
-2803,0 -79790,0 -20650,144 13628,437963437485
-2803,0 -77390,0 -20300,848 13428,738015051751
-2803,0 -88379,0 -21504,552 15384,617366814686
-2803,0 -76777,0 -21733,772 15672,690315960952
-2803,0 -80028,0 -20579,75 14805,496142699845
-2803,0 -72901,0 -20278,154 14049,465768999335
-2803,0 -74449,0 -20504,686 14485,60591357517
-2803,0 -77374,0 -21290,824 14768,488599210952
-2803,0 -74581,0 -19361,796 13970,112693832634
-2803,0 -82256,0 -20033,142 14996,337021480811
-2803,0 -86135,0 -20419,11 15935,30639372523
-2803,0 -79327,0 -20425,584 14540,643293298406
-2803,0 -72801,0 -20305,216 14476,671279176848
-2803,0 -78274,0 -20249,954 15305,075408761764
-2803,0 -72958,0 -19227,318 13878,865369506111
-2803,0 -76895,0 -20734,916 14506,113573557315
-2803,0 -92792,0 -21177,21 15428,264352476584
-2803,0 -94888,0 -20946,5 14873,642356262302
-2803,0 -68059,0 -20370,702 14506,357220653153
-2803,0 -74811,0 -19681,558 14243,009360757862
-2803,0 -89623,0 -19664,788 14481,098650138949
-2803,0 -81054,0 -19766,228 14597,203851149574
-2803,0 -84256,0 -20665,37 15167,962347431512
-2803,0 -73695,0 -19909,268 14480,639239349064
-2803,0 -77226,0 -20580,154 14916,584765497899
-2803,0 -74887,0 -20174,332 15274,66478878591
-2803,0 -78767,0 -20323,63 15310,333811289027
-2803,0 -76979,0 -19394,074 14678,82588317349
-2803,0 -68712,0 -20515,154 14817,448773195874
-2803,0 -90487,0 -21766,818 15688,064971336518
-2803,0 -87927,0 -22187,026 16074,362537323963
-2803,0 -98011,0 -20990,322 16203,468377921934
-2803,0 -85163,0 -18946,246 14365,450180397545
-2803,0 -71480,0 -20302,954 15008,178950288542
-2803,0 -77617,0 -19294,44 14221,813419335804
-2803,0 -73609,0 -20242,924 15076,93139303301
-2803,0 -71928,0 -19184,19 14755,268345845152
-2803,0 -82251,0 -18929,324 14196,016299759021
-2803,0 -87495,0 -18769,05 13398,786678035425
-2803,0 -73536,0 -18757,574 14199,177589301571
-2803,0 -74831,0 -19000,366 14644,47747924261
-2803,0 -88081,0 -20069,442 15645,233458489394
-2803,0 -69268,0 -19248,682 14586,8062759768
-2803,0 -78646,0 -18680,09 14642,22709856324
-2803,0 -70836,0 -18953,024 14713,986457361712
-2803,0 -75260,0 -19550,98 15043,22240850011
-2803,0 -97174,0 -20944,514 15778,388690161108
-2803,0 -89238,0 -21539,296 16378,270832062335
-2803,0 -82967,0 -21366,26 15359,655529744156
-2803,0 -78457,0 -21033,902 15756,189181664315
-2803,0 -87957,0 -21034,766 14786,343796735007
-2803,0 -86696,0 -22612,234 15279,613016933507
-2803,0 -76779,0 -21740,206 14585,390893752696
-2803,0 -76249,0 -21456,69 14190,647024357273
-2803,0 -79947,0 -22304,802 15277,617520372616
-2803,0 -86486,0 -22492,9 15324,002972526483
-2803,0 -85495,0 -23192,12 15867,35200181807
-2803,0 -77878,0 -22661,584 15265,434851026814
-2803,0 -76550,0 -22670,674 15477,864420123471
-2803,0 -92936,0 -22218,668 15395,16686358988
-2803,0 -71583,0 -21886,682 14297,06947947291
-2803,0 -78756,0 -22255,272 15238,220546179797
-2803,0 -77015,0 -21960,202 15271,339413725174
-2803,0 -92767,0 -21646,036 15454,715941702201
-2803,0 -76650,0 -22041,558 15209,314935875185
-2803,0 -72148,0 -20807,31 14115,698945851034
-2803,0 -82903,0 -20538,75 15490,239815299827
-2803,0 -92444,0 -20407,908 15077,123032579395
-2803,0 -87735,0 -20414,144 15048,96771952362
-2803,0 -75774,0 -19858,986 14842,81141272785
-2803,0 -67147,0 -19067,346 13558,956698591675
-2803,0 -78757,0 -21748,854 15679,989603972457
-2803,0 -85107,0 -20755,668 15456,651452684568
-2803,0 -76679,0 -19626,634 13863,492332310929
-2803,0 -86312,0 -20517,928 14787,553437902297
-2803,0 -76481,0 -21078,19 14741,393858584059
-2803,0 -98125,0 -21129,306 15408,24280975492
-2803,0 -83576,0 -21178,46 15954,121977232075
-2803,0 -81268,0 -19689,878 13980,436238226472
-2803,0 -91308,0 -21582,368 16207,39024718589
-2803,0 -88388,0 -21787,42 16352,845694361587
-2803,0 -86460,0 -21017,73 15357,120597074825
-2803,0 -82856,0 -22615,142 15927,606561120097
-2803,0 -88493,0 -21880,724 15508,989907141726
-2803,0 -84636,0 -21345,766 15671,365581060378
-2803,0 -78974,0 -20719,676 15640,328570686237
-2803,0 -71646,0 -20136,14 14704,451724304454
-2803,0 -87647,0 -21245,716 15302,002381497136
-2803,0 -82612,0 -21142,478 14768,90747812837
-2803,0 -75560,0 -21620,218 15549,611789188693
-2803,0 -103993,0 -20658,754 14239,113940884246
-2803,0 -77910,0 -21291,302 15266,078105747918
-2803,0 -77444,0 -20964,57 14989,302628911732
-2803,0 -81715,0 -21626,786 15507,95079371236
-2803,0 -75856,0 -20324,434 14050,976957409179
-2803,0 -80192,0 -20231,958 14074,679828409458
-2803,0 -85513,0 -20856,83 15121,642927840217
-2803,0 -83365,0 -21438,348 15381,13065034219
-2803,0 -112840,0 -21059,77 15759,011296559822
-2803,0 -73151,0 -20869,72 15499,286251360094
-2803,0 -75051,0 -20345,586 15197,149642567976
-2803,0 -73684,0 -19954,606 15170,76267426143
-2803,0 -73301,0 -20282,288 15072,292240168914
-2803,0 -75939,0 -21260,388 16211,18342927055
-2803,0 -95895,0 -21407,182 16296,059335338588
-2803,0 -91081,0 -19840,834 14995,937083838548
-2803,0 -69677,0 -20288,664 15625,61157699448
-2803,0 -84214,0 -20168,29 15365,896915764466
-2803,0 -74334,0 -19490,806 14645,502641301318
-2803,0 -78069,0 -19432,724 15186,90536362902
-2803,0 -84575,0 -18036,222 14335,390181948873
-2803,0 -71456,0 -18676,136 14418,59484712376
-2803,0 -82269,0 -17996,848 14242,073258233713
-2803,0 -79850,0 -17776,212 14066,959825316062
-2803,0 -80239,0 -18776,332 15415,24955081091
-2803,0 -77047,0 -18202,222 14345,621487572991
-2803,0 -84483,0 -17927,282 13887,120724703014
-2803,0 -71788,0 -17504,872 14217,71689870128
-2803,0 -73508,0 -18836,996 14275,996526477025
-2803,0 -71685,0 -19442,936 15179,685031511819
-2803,0 -72410,0 -19175,356 15042,39805593722
-2803,0 -72987,0 -18197,602 14505,900627799569
-2803,0 -107735,0 -18197,058 15583,41592971952
-2803,0 -73949,0 -18244,046 15121,589855960381
-2803,0 -83596,0 -18350,684 14514,27179985768
-2803,0 -85890,0 -18548,902 14874,01438335985
-2803,0 -80844,0 -18344,956 14119,56554919676
-2803,0 -82341,0 -20006,768 15274,685503609426
-2803,0 -76390,0 -19410,248 14751,64263539813
-2803,0 -70091,0 -18972,51 14708,281081822577
-2803,0 -75218,0 -18873,806 14346,722794295705
-2803,0 -78619,0 -18604,584 14105,932675968079
-2803,0 -70986,0 -19946,002 14045,810225757567
-2803,0 -84256,0 -20206,464 14034,058026554685
-2803,0 -87004,0 -21721,636 15698,228333525538
-2803,0 -91993,0 -20713,968 13853,527485769677
-2803,0 -73097,0 -20854,292 15189,86010385665
-2803,0 -84787,0 -19560,502 13915,634598752446
-2803,0 -75334,0 -20429,184 15199,854481084472
-2803,0 -77574,0 -18695,024 13437,878761747475
-2803,0 -82669,0 -19252,368 14372,05132055185
-2803,0 -81962,0 -19494,824 14703,647611154991
-2803,0 -91093,0 -18824,006 15117,17774725044
-2803,0 -89878,0 -18931,47 15071,230573549732
-2803,0 -74277,0 -19162,56 14257,062673019294
-2803,0 -74600,0 -18832,498 14018,768939032985
-2803,0 -83331,0 -18254,696 14580,285182519034
-2803,0 -83561,0 -18161,686 13547,309008633561
-2803,0 -71312,0 -18996,904 14860,686199458756
-2803,0 -74756,0 -18648,22 14519,317099216481
-2803,0 -82660,0 -18304,336 13933,14564608811
-2803,0 -79257,0 -18320,298 13529,465561698877
-2803,0 -73174,0 -20108,196 14756,013064564015
-2803,0 -79072,0 -20077,828 14344,935243716369
-2803,0 -68744,0 -19734,4 14195,90390190073
-2803,0 -77231,0 -18786,088 13519,161955101217
-2803,0 -76058,0 -19343,44 14700,093351621952
-2803,0 -70984,0 -19657,874 14760,421426846999
-2803,0 -71943,0 -20560,196 14931,175053477336
-2803,0 -83576,0 -19757,808 15236,738202618566
-2803,0 -94100,0 -20213,048 15121,701242046018
-2803,0 -79575,0 -21000,394 14884,713952332573
-2803,0 -77608,0 -21176,024 14586,629265578254
-2803,0 -84266,0 -22533,668 14873,397656412466
-2803,0 -85941,0 -22265,632 15612,982516885628
-2803,0 -92493,0 -20118,274 13925,18771618265
-2803,0 -85664,0 -22075,588 15640,492922483483
-2803,0 -93213,0 -21845,348 15473,895305542686
-2803,0 -79659,0 -21185,768 15254,220277751867
-2803,0 -91778,0 -20243,786 14199,1592597662
-2803,0 -70019,0 -20475,77 14472,377302609962
-2803,0 -86202,0 -20778,61 15220,890733656162
-2803,0 -88860,0 -19914,184 15222,304768140197
-2803,0 -67637,0 -18649,278 13233,756544258926
-2803,0 -80866,0 -19326,258 14660,49642772836
-2803,0 -65939,0 -19646,052 14410,778680740885
-2803,0 -68314,0 -19399,138 14561,466581459295
-2803,0 -80828,0 -19123,022 14566,857284723972
-2803,0 -83113,0 -19820,49 15293,47606379597
-2803,0 -83834,0 -19596,15 14567,140622630795
-2803,0 -84457,0 -20147,714 14969,058775627947
-2803,0 -78389,0 -20401,144 15756,972617710042
-2803,0 -69431,0 -19942,572 14531,257004017782
-2803,0 -74887,0 -18793,856 14127,77240456768
-2803,0 -79193,0 -18917,452 14594,810906609784
-2803,0 -81537,0 -18846,968 14121,568647249354
-2803,0 -79945,0 -18574,16 13717,980333795493
-2803,0 -83519,0 -20812,27 15828,624304502908
-2803,0 -74728,0 -19769,746 15890,743434763643
-2803,0 -78472,0 -18334,8 14191,853621285685
-2803,0 -92469,0 -19585,688 14699,084022572837
-2803,0 -72470,0 -19444,084 14132,835433165703
-2803,0 -75419,0 -20598,328 15056,333869717948
-2803,0 -81714,0 -19760,216 14967,353507195055
-2803,0 -80290,0 -19760,118 13746,863232173226
-2803,0 -66672,0 -19024,332 13420,851286776711
-2803,0 -83804,0 -19508,1 14366,073902148773
-2803,0 -80454,0 -19476,89 14673,591735287584
-2803,0 -66678,0 -17435,62 13072,056753227474
-2803,0 -93035,0 -19035,986 14623,233405160576
-2803,0 -69536,0 -18333,59 13886,659267581244
-2803,0 -90483,0 -18436,938 14782,400852302573
-2803,0 -67420,0 -18403,172 13737,301522876172
-2803,0 -84336,0 -18930,958 14359,404392113078
-2803,0 -72202,0 -19600,064 14592,605924231084
-2803,0 -71651,0 -19939,946 13838,33752685213
-2803,0 -81485,0 -19817,364 14344,82643225438
-2803,0 -90954,0 -20344,492 15386,473142664501
-2803,0 -70207,0 -20876,328 15046,325750043303
-2803,0 -77316,0 -20883,152 14690,872567716873
-2803,0 -70772,0 -21062,846 15141,953991155962
-2803,0 -84314,0 -19863,166 14640,321450652787
-2803,0 -62555,0 -20407,66 14764,319920687161
-2803,0 -79642,0 -19404,63 14364,169132153107
-2803,0 -75304,0 -20883,532 15863,454891321
-2803,0 -90086,0 -19419,204 14603,85657675342
-2803,0 -71939,0 -20363,058 15149,1180841208
-2803,0 -80174,0 -20067,348 15539,985153239237
-2803,0 -90200,0 -19047,66 13784,906380690449
-2803,0 -71528,0 -20710,594 14827,932197213606
-2803,0 -86471,0 -20922,62 14927,700594116963
-2803,0 -74066,0 -20759,924 14559,964475033037
-2803,0 -84747,0 -21354,408 15573,138074824094
-2803,0 -85544,0 -20888,308 14863,018512036373
-2803,0 -90620,0 -20979,008 14679,345423142542
-2803,0 -92237,0 -21927,71 15242,148811696468
-2803,0 -97437,0 -22192,266 14856,150132495424
-2803,0 -82854,0 -21971,754 14958,43691999548
-2803,0 -78800,0 -22313,014 15074,92753978618
-2803,0 -72882,0 -21624,056 14448,775383570195
-2803,0 -85459,0 -22359,778 14557,904753250583
-2803,0 -71937,0 -22263,068 14521,22282259232
-2803,0 -81518,0 -21617,714 14344,151322131404
-2803,0 -74027,0 -21705,434 14749,049824230851
-2803,0 -72954,0 -21293,494 14199,770478355049
-2803,0 -85435,0 -21311,814 15155,844487965824
-2803,0 -72818,0 -21547,608 15087,889204734238
-2803,0 -74364,0 -21300,618 14339,908225231982
-2803,0 -76276,0 -22173,83 14797,45274880444
-2803,0 -83611,0 -23504,936 15889,379070055069
-2803,0 -80626,0 -22551,336 15113,10008883366
-2803,0 -77634,0 -21723,408 14523,952544315747
-2803,0 -78513,0 -20567,702 14130,78528013203
-2803,0 -75580,0 -21546,808 15424,710734634085
-2803,0 -89446,0 -21772,206 15263,927627041605
-2803,0 -80206,0 -21201,614 15689,318741137358
-2803,0 -72459,0 -21924,094 15323,05652450463
-2803,0 -79794,0 -21001,942 14999,371846268632
-2803,0 -70023,0 -21817,136 15049,140201137874
-2803,0 -87568,0 -21219,01 14319,125666251422
-2803,0 -74386,0 -21735,432 15329,253669157422
-2803,0 -100009,0 -21823,836 15684,605557842504
-2803,0 -76740,0 -21956,664 15247,942647423095
-2803,0 -88551,0 -21739,206 15070,982935945618
-2803,0 -66218,0 -20303,294 13536,37498562906
-2803,0 -88889,0 -22574,23 15944,767020847312
-2803,0 -98617,0 -22148,342 16410,574684057716
-2803,0 -83826,0 -20854,134 15528,90990082832
-2803,0 -77310,0 -20311,116 13732,521248282996
-2803,0 -78233,0 -21053,276 15205,880546808987
-2803,0 -79881,0 -20343,868 14887,406353914572
-2803,0 -80608,0 -20490,766 15051,323433214902
-2803,0 -79875,0 -20172,356 14945,778054730508
-2803,0 -91670,0 -21152,136 16282,429304299287
-2803,0 -86250,0 -21938,852 15290,98018643986
-2803,0 -89391,0 -23154,458 16777,278246135036
-2803,0 -85058,0 -22565,348 16054,80506573954
-2803,0 -79502,0 -20696,68 14801,857084757978
-2803,0 -72574,0 -21648,93 15447,035839056623
-2803,0 -100678,0 -20848,54 16061,771697804703
-2803,0 -86947,0 -20266,808 15478,957447035511
-2803,0 -84532,0 -20756,922 15482,644113584602
-2803,0 -90516,0 -19124,524 14257,918116801764
-2803,0 -72420,0 -18102,676 13732,963779280277
-2803,0 -76659,0 -19000,878 14665,015100405322
-2803,0 -87766,0 -18720,334 14364,475553477194
-2803,0 -71660,0 -18584,112 14151,95758852661
-2803,0 -81993,0 -18252,958 14145,485130183268
-2803,0 -74564,0 -19647,506 15124,49576144487
-2803,0 -69919,0 -19089,676 14743,552985594211
-2803,0 -69232,0 -18893,67 14647,496122720086
-2803,0 -77847,0 -18881,962 14489,515283837349
-2803,0 -75908,0 -19681,57 14638,98306389826
-2803,0 -68324,0 -19756,312 14913,507174727743
-2803,0 -72712,0 -19730,854 14892,409590146392
-2803,0 -74968,0 -19154,096 13754,150280798303
-2803,0 -73450,0 -20007,528 14524,844167192157
-2803,0 -79268,0 -20352,512 15610,183129798832
-2803,0 -81857,0 -19105,748 14248,349443935464
-2803,0 -73168,0 -19656,252 14584,03747487286
-2803,0 -88117,0 -20894,92 16007,230921355516
-2803,0 -81866,0 -19322,232 14479,421667945715
-2803,0 -85397,0 -20025,344 14689,119533779549
-2803,0 -91269,0 -21358,192 15868,461604551841
-2803,0 -80506,0 -21992,54 15173,154979911065
-2803,0 -88477,0 -22473,3 16051,781512529995
-2803,0 -81781,0 -21716,444 15603,435647409964
-2803,0 -86412,0 -20658,056 14316,04717150876
-2803,0 -79980,0 -21158,7 15339,177909327467
-2803,0 -75950,0 -20608,284 14875,976777319334
-2803,0 -81021,0 -21425,474 15210,250002985622
-2803,0 -78315,0 -21630,2 15355,321993497879
-2803,0 -79008,0 -20922,374 15640,419582802893
-2803,0 -93725,0 -21010,378 15750,61049861611
-2803,0 -82042,0 -20812,694 15185,368753256003
-2797,0 -78829,0 -20228,468 14946,534259987364
-2797,0 -76025,0 -20370,346 14438,805877713163
-2797,0 -104170,0 -20885,8 15700,567604771479
-2797,0 -105105,0 -20861,282 15352,255131884565
-2797,0 -77005,0 -20420,744 14819,72838072493
-2797,0 -82405,0 -21349,948 14722,159077570648
-2797,0 -71144,0 -21030,86 13652,662433108058
-2797,0 -72300,0 -20623,468 13523,846849509056
-2797,0 -75084,0 -19941,054 13874,327362833988
-2797,0 -74651,0 -21107,134 14757,531056651853
-2797,0 -79710,0 -21723,284 14934,32995682578
-2797,0 -85161,0 -21713,494 14858,38373087611
-2797,0 -85880,0 -21621,978 14667,823875323698
-2797,0 -92703,0 -22194,622 15669,554607936887
-2797,0 -80002,0 -22029,792 15170,866348390788
-2797,0 -77560,0 -20607,052 14434,156397562554
-2797,0 -86506,0 -20988,168 15214,563337137739
-2797,0 -89563,0 -20727,668 14526,818091026538
-2797,0 -72865,0 -20046,974 13960,116613457207
-2797,0 -78777,0 -20962,194 15459,23721198313
-2797,0 -74903,0 -20055,638 13900,22419268682
-2797,0 -79828,0 -21315,904 15569,857006112303
-2797,0 -81076,0 -21113,334 14258,143143707177
-2797,0 -73253,0 -21331,072 14677,412155922308
-2797,0 -74708,0 -21570,832 14522,998843895011
-2797,0 -72382,0 -21714,066 14348,03952369954
-2797,0 -72582,0 -21869,598 14317,028630843623
-2797,0 -86320,0 -21639,516 14934,76189169897
-2797,0 -87731,0 -22181,492 14857,034604722978
-2797,0 -89115,0 -20823,666 14613,155514892866
-2797,0 -78391,0 -21824,148 15237,633798135983
-2797,0 -98959,0 -22919,778 16780,259319352488
-2797,0 -89618,0 -21832,016 16037,906672372917
-2797,0 -72093,0 -20870,308 14307,978604021464
-2797,0 -80744,0 -21467,744 14573,286817134433
-2797,0 -95156,0 -23178,518 15815,469652010846
-2797,0 -80988,0 -22420,076 14906,035092747632
-2797,0 -79783,0 -22946,204 16095,353411913136
-2797,0 -81440,0 -21462,152 15164,66840537227
-2797,0 -78933,0 -21194,45 14406,088331240358
-2797,0 -71701,0 -21051,836 14579,596110767408
-2797,0 -73466,0 -21476,064 14806,797850578765
-2797,0 -71714,0 -22576,838 15347,87050231256
-2797,0 -79619,0 -21973,2 15546,508215030133
-2797,0 -107493,0 -20949,996 15143,069464675382
-2797,0 -85703,0 -22119,552 15458,497540165281
-2797,0 -77234,0 -21129,462 14601,317419895917
-2797,0 -94691,0 -21353,196 15436,54918813087
-2797,0 -83828,0 -20721,258 14542,152030268278
-2797,0 -87514,0 -20861,04 15517,750684760982
-2797,0 -71981,0 -20361,678 13774,263982308306
-2797,0 -78040,0 -21674,334 14966,810949378752
-2797,0 -90758,0 -22000,486 15061,42163774071
-2797,0 -73266,0 -21775,756 15216,770655578139
-2797,0 -71500,0 -22109,58 15390,762761591772
-2797,0 -72236,0 -21030,348 14995,757317951498
-2797,0 -77887,0 -20988,244 15277,172709911474
-2797,0 -80617,0 -20578,444 15156,200228911735
-2797,0 -81658,0 -20923,172 14801,262591495899
-2797,0 -89112,0 -21612,966 16411,47071096445
-2797,0 -95763,0 -20966,276 15547,176213442235
-2797,0 -79452,0 -20372,462 14837,259853104813
-2797,0 -68297,0 -21137,024 14807,865488429587
-2797,0 -85575,0 -21797,976 15023,254965666532
-2797,0 -93322,0 -22580,102 16027,484696595282
-2797,0 -72402,0 -21941,298 14329,414410826288
-2797,0 -77484,0 -21798,618 14869,93964130575
-2797,0 -98803,0 -22107,466 15967,484048429302
-2797,0 -70098,0 -21764,732 14816,157265504982
-2797,0 -75774,0 -22604,602 15261,426174102999
-2797,0 -91378,0 -21688,356 14905,10678785174
-2797,0 -77581,0 -21897,224 14937,321798161282
-2797,0 -70919,0 -21570,002 15005,174564862484
-2797,0 -88482,0 -20617,784 15157,824870255765
-2797,0 -89483,0 -19856,396 14486,210312541514
-2797,0 -76308,0 -19687,364 13951,238369245357
-2797,0 -78919,0 -20933,088 14820,543177368896
-2797,0 -87383,0 -21471,382 14540,939798241241
-2797,0 -78085,0 -21952,456 15095,58608600752
-2797,0 -81700,0 -21819,97 15880,854145073563
-2797,0 -103014,0 -21196,512 15383,444819995813
-2797,0 -75959,0 -21867,088 15275,253894985059
-2797,0 -70121,0 -21116,97 15141,613617745626
-2797,0 -69553,0 -21127,786 15304,377440464663
-2797,0 -78545,0 -21815,858 15690,364202077526
-2797,0 -81006,0 -21507,008 15592,78304690782
-2797,0 -72453,0 -21863,65 15058,612462358557
-2797,0 -84481,0 -20388,608 14798,3509510464
-2797,0 -78413,0 -21484,398 15632,909452421072
-2797,0 -73826,0 -19810,208 14552,509108354348
-2797,0 -69929,0 -20222,452 15086,178219539102
-2797,0 -80083,0 -20861,952 15088,67876673422
-2797,0 -88239,0 -21469,008 15800,672934654898
-2797,0 -82094,0 -20234,612 15179,618663769392
-2797,0 -66052,0 -19915,014 13905,26812491596
-2797,0 -82121,0 -21686,514 16420,834331111317
-2797,0 -74501,0 -19980,928 13893,726988638286
-2797,0 -98968,0 -21654,226 15850,640933000908
-2797,0 -75393,0 -21255,744 15705,233037763684
-2797,0 -79321,0 -21547,236 15620,040827613222
-2797,0 -78070,0 -20999,494 14661,592937398167
-2797,0 -75542,0 -20041,034 13958,183370655506
-2797,0 -81886,0 -21403,126 15237,221717036351
-2797,0 -88985,0 -20594,226 15609,244215621846
-2797,0 -73613,0 -19796,948 14465,750802820294
-2797,0 -83531,0 -19450,94 14711,13395304386
-2797,0 -74394,0 -19308,81 14108,799093966143
-2797,0 -98739,0 -19788,83 14463,500583368468
-2797,0 -81330,0 -21427,08 15804,193924828936
-2797,0 -82747,0 -21174,848 14439,519349649276
-2797,0 -85092,0 -22609,038 15950,040987801753
-2797,0 -76847,0 -22405,178 15070,301458242835
-2797,0 -81309,0 -21868,78 14320,381763891633
-2797,0 -72252,0 -21754,946 14196,984996085752
-2797,0 -72544,0 -21355,692 14516,326935872452
-2797,0 -97907,0 -22230,164 15440,459574413704
-2797,0 -69241,0 -21771,174 15139,189525589672
-2797,0 -73214,0 -20815,462 14049,760698622445
-2797,0 -89167,0 -20230,096 14331,547855370827
-2797,0 -68972,0 -21247,472 14525,072305817137
-2797,0 -95629,0 -20538,704 15494,417731053465
-2797,0 -72078,0 -20122,302 14161,27962801371
-2797,0 -79769,0 -21233,886 14825,028256465623
-2797,0 -77231,0 -20586,008 15509,170995122078
-2797,0 -77507,0 -20379,088 15352,76337550527
-2797,0 -100930,0 -20201,602 14592,032841506216
-2797,0 -82023,0 -20116,58 14874,677337663497
-2797,0 -88785,0 -22242,708 16212,63448729835
-2797,0 -89572,0 -19946,16 15526,973197323423
-2797,0 -78056,0 -19798,642 14876,429154801768
-2797,0 -74337,0 -19371,964 14288,636876997882
-2797,0 -68146,0 -19378,678 13664,86310485092
-2797,0 -83282,0 -19162,92 13770,169539609882
-2797,0 -85154,0 -21441,336 15095,314314684005
-2797,0 -96863,0 -20255,282 14729,666935897632
-2797,0 -75076,0 -19484,982 14216,604896728197
-2797,0 -77442,0 -20231,802 14696,946736611517
-2797,0 -82118,0 -20543,052 15031,7393481026
-2797,0 -83316,0 -19353,718 14357,615564517533
-2797,0 -83345,0 -19221,34 14285,91079267962
-2797,0 -76036,0 -20041,712 14152,896822525623
-2797,0 -90121,0 -19580,028 14028,341494817416
-2797,0 -71272,0 -19503,586 14456,982004367432
-2797,0 -73242,0 -19719,396 14870,063170517602
-2797,0 -72217,0 -19297,502 14363,10709763024
-2797,0 -76853,0 -18417,094 13749,84235593863
-2797,0 -84887,0 -18998,666 14718,327379238583
-2797,0 -76353,0 -19268,736 14095,815026819271
-2797,0 -65889,0 -19290,134 14289,456329477483
-2797,0 -85487,0 -19691,888 15700,240025409035
-2797,0 -84840,0 -19366,772 14312,670258481323
-2797,0 -102889,0 -20473,196 15634,847199303998
-2797,0 -80594,0 -20440,862 15030,88784852565
-2797,0 -74561,0 -20517,604 14416,202053772138
-2797,0 -76151,0 -20826,574 15438,254190436308
-2797,0 -79198,0 -20593,692 15416,99017568397
-2797,0 -73577,0 -19865,296 13927,585547121364
-2797,0 -71914,0 -20803,258 14782,57556704636
-2797,0 -86650,0 -21314,23 16133,528382133272
-2797,0 -85090,0 -20275,446 15010,34965732258
-2797,0 -80180,0 -20587,008 15317,784355967931
-2797,0 -76008,0 -20399,59 15511,17646079433
-2797,0 -80992,0 -19988,872 15152,98519182329
-2797,0 -97672,0 -19408,41 15025,589922858271
-2797,0 -86827,0 -20061,498 14421,561642693072
-2797,0 -92649,0 -20660,082 15870,407633683393
-2797,0 -87300,0 -20003,302 15392,256897245314
-2797,0 -88091,0 -21496,23 16098,57867133307
-2797,0 -88216,0 -20441,502 15658,439787347788
-2797,0 -80422,0 -20163,994 15066,430863411675
-2797,0 -73475,0 -20712,504 15594,185248161695
-2797,0 -85750,0 -20702,084 15176,574583249801
-2797,0 -76306,0 -19983,172 14273,1172806229
-2797,0 -75300,0 -20595,62 14677,905654677032
-2797,0 -76118,0 -19947,352 14029,659186312972
-2797,0 -79900,0 -20345,504 14324,318418060393
-2797,0 -69202,0 -21069,258 14501,272983274126
-2797,0 -82090,0 -20284,984 14503,142482915353
-2797,0 -68881,0 -20718,024 14196,0054801139
-2797,0 -78657,0 -21347,838 14516,858139547832
-2797,0 -101004,0 -21684,296 16823,015348396497
-2797,0 -83744,0 -20394,488 14378,902607982845
-2797,0 -68422,0 -20615,198 13753,554453841958
-2797,0 -79742,0 -20658,11 14693,205004964031
-2797,0 -72884,0 -21732,732 15529,507059535918
-2797,0 -74848,0 -21694,608 15303,297168856654
-2797,0 -79328,0 -20813,324 15520,203786517228
-2797,0 -72357,0 -20942,226 15188,706158818271
-2797,0 -87689,0 -20386,938 15186,030717411186
-2797,0 -72139,0 -20578,034 14825,007919486728
-2797,0 -87600,0 -20482,09 15456,99262890101
-2797,0 -74006,0 -20479,352 15540,791154510003
-2797,0 -93808,0 -19115,94 15182,722052925816
-2797,0 -84572,0 -20047,694 14600,189906585589
-2797,0 -78103,0 -21213,73 15624,145965943224
-2797,0 -79774,0 -19429,08 14514,588252017345
-2797,0 -71061,0 -20916,074 14630,975723871738
-2797,0 -92805,0 -21526,228 16332,857920646224
-2797,0 -83222,0 -20995,45 14827,277785200484
-2797,0 -72464,0 -21116,182 14944,43340581623
-2797,0 -72603,0 -20855,468 14432,673770891384
-2797,0 -81696,0 -21138,418 14396,297696118821
-2797,0 -70011,0 -22145,48 15064,720847649305
-2797,0 -77215,0 -21449,246 14244,645841630607
-2797,0 -77324,0 -22868,72 15617,54619143482
-2797,0 -97301,0 -22689,078 15536,789688346691
-2797,0 -84285,0 -22758,946 15873,234710136554
-2797,0 -75204,0 -21257,566 14145,538493024718
-2797,0 -82114,0 -22621,162 15668,003195039119
-2797,0 -81992,0 -23254,686 16028,837633446916
-2797,0 -86245,0 -23488,592 15943,353717757627
-2797,0 -75343,0 -22899,822 15649,543541404528
-2797,0 -93101,0 -22393,332 15993,94874575306
-2797,0 -78968,0 -22690,126 16233,327963240436
-2797,0 -80040,0 -21151,28 15108,329741755048
-2797,0 -82794,0 -21606,312 15254,036564354243
-2797,0 -79368,0 -21240,396 14793,338253389062
-2797,0 -84954,0 -21836,158 16065,46730216822
-2797,0 -82743,0 -21553,844 15822,40982769894
-2797,0 -84376,0 -21132,594 15031,959225502307
-2797,0 -89836,0 -20686,118 15546,286500128439
-2797,0 -79253,0 -20819,276 15354,098973493174
-2797,0 -80989,0 -20498,964 15206,084330514024
-2797,0 -80646,0 -21840,864 16050,36809788187
-2797,0 -85544,0 -20870,774 15482,165644861312
-2797,0 -85124,0 -20611,644 15311,078937333723
-2797,0 -87767,0 -20916,998 15323,18523029713
-2797,0 -88085,0 -21470,786 15215,346171684818
-2797,0 -84748,0 -21127,174 14154,310221544672
-2797,0 -78446,0 -23028,372 16451,42185227818
-2797,0 -80035,0 -22119,566 16597,30253642573
-2797,0 -85808,0 -21580,452 15803,946070639953
-2797,0 -79170,0 -21439,312 15374,80572698908
-2797,0 -81852,0 -21314,006 15832,880177717634
-2797,0 -68633,0 -20746,598 14924,073430146207
-2797,0 -81402,0 -20389,046 15273,776627143794
-2797,0 -77148,0 -20263,636 15180,247232094207
-2797,0 -80122,0 -20669,886 15538,40930729411
-2797,0 -87219,0 -20579,588 15489,689444215985
-2797,0 -68699,0 -20567,456 14443,569324791706
-2797,0 -83203,0 -21321,766 14966,986354348157
-2797,0 -81735,0 -21777,728 15429,02961465872
-2797,0 -79569,0 -20564,844 15017,848862725456
-2797,0 -77292,0 -20395,14 15080,610501448542
-2797,0 -83899,0 -20030,938 14385,665137287051
-2797,0 -79697,0 -21553,172 15804,291824641055
-2797,0 -86467,0 -23140,762 16367,08727163621
-2797,0 -101184,0 -23511,114 17463,440134320736
-2797,0 -78935,0 -21489,624 14953,839892904563
-2797,0 -73261,0 -21138,018 15049,282592657884
-2797,0 -82956,0 -21394,778 15195,97342116377
-2797,0 -86858,0 -21228,572 15208,063810781965
-2797,0 -90517,0 -22047,846 15886,755962948628
-2797,0 -77618,0 -21074,316 15055,511098204004
-2797,0 -76043,0 -20266,352 14927,098537495354
-2797,0 -77048,0 -20508,894 14602,487677473453
-2797,0 -81427,0 -20581,738 15269,432130808142
-2797,0 -77939,0 -21024,622 14527,566660632338
-2797,0 -77397,0 -20819,876 14505,482277146939
-2797,0 -77124,0 -20710,154 14248,417787048638
-2797,0 -78881,0 -20859,266 15079,752444494708
-2797,0 -77711,0 -21252,402 14686,142909572816
-2797,0 -68346,0 -21084,616 14527,32111769214
-2797,0 -75816,0 -21433,698 15211,581999476448
-2797,0 -81381,0 -21868,228 15567,067818828817
-2797,0 -82790,0 -20841,056 14874,203236236353
-2797,0 -73019,0 -21403,176 14863,36960130589
-2797,0 -87452,0 -22110,534 15677,463168920029
-2797,0 -75493,0 -21139,726 14177,126891966649
-2797,0 -65114,0 -20737,194 14346,551658303259
-2797,0 -93471,0 -20069,058 13967,062519751102
-2797,0 -96256,0 -19734,02 14570,562322559825
-2797,0 -82862,0 -20496,072 14397,126539237475